2020/04/03 21:35:16;-0.59;1.22;0;96;7;0;0.0;1009;10000;2.0
2020/04/03 21:38:32;-0.59;1.23;0;96;7;0;0.0;1009;10000;2.0
2020/04/03 21:42:06;-0.58;1.23;0;96;7;0;0.0;1009;10000;2.0
2020/04/03 21:45:18;-0.59;1.23;0;96;7;0;0.0;1009;10000;2.0
2020/04/03 21:48:37;-0.59;1.23;0;96;7;0;0.0;1009;10000;2.0
2020/04/03 21:53:39;-0.57;1.23;0;96;7;0;0.0;1009;10000;2.0
2020/04/03 21:56:31;-0.57;1.24;0;96;7;0;0.0;1009;10000;2.0
2020/04/03 22:00:11;-0.57;1.23;0;96;7;0;0.0;1009;10000;2.0
2020/04/03 22:04:31;-0.58;1.23;0;96;7;0;0.0;1009;10000;2.0
2020/04/03 22:05:31;-0.57;1.24;0;96;7;0;0.0;1009;10000;2.0
2020/04/03 22:15:20;-0.56;1.24;0;96;7;0;0.0;1009;10000;2.0
2020/04/03 22:27:12;-0.56;1.25;0;96;7;0;0.0;1009;10000;2.0
2020/04/03 22:30:19;-0.56;1.25;0;96;7;0;0.0;1009;10000;2.0
2020/04/03 22:33:57;-0.56;1.25;0;96;7;0;0.0;1009;10000;2.0
2020/04/03 22:39:18;-0.56;1.25;0;96;7;0;0.0;1009;10000;2.0
2020/04/03 22:42:20;-0.55;1.25;0;96;7;0;0.0;1009;10000;2.0
2020/04/03 22:45:54;-0.56;1.24;0;96;7;0;0.0;1009;10000;2.0
2020/04/03 23:00:09;-0.56;1.24;0;96;7;0;0.0;1009;10000;2.0
2020/04/03 23:15:18;-0.56;1.24;0;96;7;0;0.0;1009;10000;2.0
2020/04/03 23:19:12;-0.58;1.22;0;95;7;0;0.0;1009;10000;2.0
2020/04/03 23:23:34;-0.57;1.24;0;95;7;0;0.0;1009;10000;2.0
2020/04/03 23:35:29;-0.56;1.24;0;95;7;0;0.0;1010;10000;2.0
2020/04/03 23:41:59;-0.55;1.25;0;95;7;0;0.0;1010;10000;2.0
2020/04/03 23:45:21;-0.55;1.25;0;95;7;0;0.0;1010;10000;2.0
2020/04/03 23:48:50;-0.55;1.24;0;94;7;0;0.0;1010;10000;2.0
2020/04/03 23:52:11;-0.55;1.24;0;94;7;0;0.0;1010;10000;2.0
2020/04/03 23:55:27;-0.55;1.25;0;94;7;0;0.0;1010;10000;2.0
2020/04/03 23:58:46;-0.56;1.25;0;94;7;0;0.0;1010;10000;2.0
2020/04/04 00:02:18;-0.56;1.25;0;94;7;0;0.0;1010;10000;2.0
2020/04/04 00:05:42;-0.56;1.26;0;94;7;0;0.0;1010;10000;2.0
2020/04/04 00:09:40;-0.54;1.26;0;94;7;0;0.0;1010;10000;2.0
2020/04/04 00:15:46;-0.54;1.25;0;94;7;0;0.0;1010;10000;2.0
2020/04/04 00:18:58;-0.54;1.26;0;94;7;0;0.0;1010;10000;2.0
2020/04/04 00:22:23;-0.55;1.26;0;94;7;0;0.0;1010;10000;2.0
2020/04/04 00:25:46;-0.54;1.26;0;94;7;0;0.0;1010;10000;2.0
2020/04/04 00:29:05;-0.54;1.26;0;94;7;0;0.0;1010;10000;2.0
2020/04/04 00:35:49;-0.53;1.26;0;94;7;0;0.0;1010;10000;2.0
2020/04/04 00:39:03;-0.53;1.26;0;94;7;0;0.0;1010;10000;2.0
2020/04/04 00:42:29;-0.52;1.26;0;93;7;0;0.0;1010;10000;2.0
2020/04/04 00:45:53;-0.52;1.26;0;93;7;0;0.0;1010;10000;2.0
2020/04/04 00:50:01;-0.52;1.26;0;93;7;0;0.0;1010;10000;2.0
2020/04/04 00:53:13;-0.52;1.27;0;93;7;0;0.0;1010;10000;2.0
2020/04/04 00:57:42;-0.52;1.25;0;93;7;0;0.0;1010;10000;2.0
2020/04/04 00:59:45;-0.53;1.25;0;93;7;0;0.0;1010;10000;2.0
2020/04/04 01:02:52;-0.52;1.26;0;93;7;0;0.0;1010;10000;2.0
2020/04/04 01:07:37;-0.52;1.26;0;93;7;0;0.0;1011;10000;2.0
2020/04/04 01:09:27;-0.53;1.26;0;93;7;0;0.0;1011;10000;2.0
2020/04/04 01:13:07;-0.53;1.27;0;93;7;0;0.0;1011;10000;2.0
2020/04/04 01:16:03;-0.52;1.27;0;93;7;0;0.0;1011;10000;2.0
2020/04/04 01:19:43;-0.52;1.27;0;93;7;0;0.0;1011;10000;2.0
2020/04/04 01:23:31;-0.53;1.27;0;93;7;0;0.0;1011;10000;2.0
2020/04/04 01:26:23;-0.52;1.28;0;93;7;0;0.0;1011;10000;2.0
2020/04/04 01:30:24;-0.51;1.28;0;93;7;0;0.0;1011;10000;2.0
2020/04/04 01:36:15;-0.52;1.28;0;93;7;0;0.0;1011;10000;2.0
2020/04/04 01:39:29;-0.52;1.28;0;92;7;0;0.0;1011;10000;2.0
2020/04/04 01:42:52;-0.52;1.28;0;92;7;0;0.0;1011;10000;2.0
2020/04/04 01:46:16;-0.51;1.28;0;92;7;0;0.0;1011;10000;2.0
2020/04/04 01:50:18;-0.51;1.27;0;92;7;0;0.0;1011;10000;2.0
2020/04/04 01:52:56;-0.51;1.28;0;92;7;0;0.0;1011;10000;2.0
2020/04/04 01:56:52;-0.51;1.28;0;92;7;0;0.0;1011;10000;2.0
2020/04/04 02:00:11;-0.52;1.28;0;92;7;0;0.0;1011;10000;2.0
2020/04/04 02:02:59;-0.51;1.28;0;92;7;0;0.0;1011;10000;2.0
2020/04/04 02:06:30;-0.51;1.28;0;92;7;0;0.0;1011;10000;2.0
2020/04/04 02:09:52;-0.51;1.28;0;91;7;0;0.0;1011;10000;2.0
2020/04/04 02:13:09;-0.51;1.28;0;91;7;0;0.0;1011;10000;2.0
2020/04/04 02:16:25;-0.51;1.28;0;91;7;0;0.0;1011;10000;2.0
2020/04/04 02:19:46;-0.51;1.29;0;91;7;0;0.0;1011;10000;2.0
2020/04/04 02:23:14;-0.50;1.29;0;91;7;0;0.0;1011;10000;2.0
2020/04/04 02:26:44;-0.50;1.29;0;91;7;0;0.0;1011;10000;2.0
2020/04/04 02:29:52;-0.50;1.30;0;91;7;0;0.0;1011;10000;2.0
2020/04/04 02:33:11;-0.51;1.29;0;91;7;0;0.0;1011;10000;2.0
2020/04/04 02:36:58;-0.50;1.28;0;91;7;0;0.0;1011;10000;2.0
2020/04/04 02:42:47;-0.50;1.28;0;91;7;0;0.0;1011;10000;2.0
2020/04/04 02:43:25;-0.51;1.28;0;91;7;0;0.0;1011;10000;2.0
2020/04/04 02:47:54;-0.51;1.29;0;91;7;0;0.0;1011;10000;2.0
2020/04/04 02:50:54;-0.51;1.29;0;91;7;0;0.0;1011;10000;2.0
2020/04/04 02:55:24;-0.50;1.29;0;91;7;0;0.0;1011;10000;2.0
2020/04/04 02:56:55;-0.50;1.29;0;91;7;0;0.0;1011;10000;2.0
2020/04/04 03:00:34;-0.50;1.29;0;90;7;0;0.0;1011;10000;2.0
2020/04/04 03:05:34;-0.50;1.29;0;90;7;0;0.0;1011;10000;2.0
2020/04/04 03:07:54;-0.51;1.29;0;90;7;0;0.0;1011;10000;2.0
2020/04/04 03:11:04;-0.51;1.29;0;90;7;0;0.0;1011;10000;2.0
2020/04/04 03:14:56;-0.51;1.29;0;90;7;0;0.0;1011;10000;2.0
2020/04/04 03:17:38;-0.51;1.28;0;90;7;0;0.0;1011;10000;2.0
2020/04/04 03:21:39;-0.52;1.28;0;90;7;0;0.0;1011;10000;2.0
2020/04/04 03:24:15;-0.51;1.29;0;89;7;0;0.0;1011;10000;2.0
2020/04/04 03:27:38;-0.51;1.29;0;89;7;0;0.0;1011;10000;2.0
2020/04/04 03:30:53;-0.51;1.30;0;89;7;0;0.0;1011;10000;2.0
2020/04/04 03:34:15;-0.51;1.30;0;89;7;0;0.0;1011;10000;2.0
2020/04/04 03:38:03;-0.50;1.30;0;89;7;0;0.0;1011;10000;2.0
2020/04/04 03:41:28;-0.50;1.30;0;89;7;0;0.0;1011;10000;2.0
2020/04/04 03:45:03;-0.50;1.31;0;89;7;0;0.0;1011;10000;2.0
2020/04/04 03:48:07;-0.49;1.31;0;89;7;0;0.0;1011;10000;2.0
2020/04/04 03:51:02;-0.49;1.31;0;89;7;0;0.0;1011;10000;2.0
2020/04/04 03:54:49;-0.49;1.30;0;89;7;0;0.0;1011;10000;2.0
2020/04/04 03:57:45;-0.50;1.31;0;89;7;0;0.0;1011;10000;2.0
2020/04/04 04:01:14;-0.50;1.30;0;89;7;0;0.0;1011;10000;2.0
2020/04/04 04:04:36;-0.50;1.30;0;89;7;0;0.0;1011;10000;2.0
2020/04/04 04:07:53;-0.50;1.31;0;89;7;0;0.0;1011;10000;2.0
2020/04/04 04:12:02;-0.50;1.30;0;89;7;0;0.0;1011;10000;2.0
2020/04/04 04:14:56;-0.50;1.30;0;88;7;0;0.0;1011;10000;2.0
2020/04/04 04:18:46;-0.49;1.30;0;88;7;0;0.0;1011;10000;2.0
2020/04/04 04:26:30;-0.49;1.31;0;88;7;0;0.0;1011;10000;2.0
2020/04/04 04:29:48;-0.49;1.31;0;88;7;0;0.0;1011;10000;2.0
2020/04/04 04:33:06;-0.49;1.31;0;88;7;0;0.0;1011;10000;2.0
2020/04/04 04:35:20;-0.49;1.31;0;88;7;0;0.0;1011;10000;2.0
2020/04/04 04:38:03;-0.48;1.31;0;88;7;0;0.0;1011;10000;2.0
2020/04/04 04:41:39;-0.49;1.31;0;88;7;0;0.0;1011;10000;2.0
2020/04/04 04:44:41;-0.49;1.31;0;88;7;0;0.0;1011;10000;2.0
2020/04/04 04:51:35;-0.48;1.31;0;88;7;0;0.0;1011;10000;2.0
2020/04/04 04:54:51;-0.48;1.31;0;88;7;0;0.0;1011;10000;2.0
2020/04/04 05:04:51;-0.48;1.32;0;88;7;0;0.0;1012;10000;2.0
2020/04/04 05:08:18;-0.48;1.31;0;88;7;0;0.0;1011;10000;2.0
2020/04/04 05:15:04;-0.48;1.32;0;87;7;0;0.0;1011;10000;2.0
2020/04/04 05:18:21;-0.48;1.31;0;87;7;0;0.0;1012;10000;2.0
2020/04/04 05:21:35;-0.47;1.32;0;87;7;0;0.0;1012;10000;2.0
2020/04/04 05:25:00;-0.48;1.32;0;87;7;0;0.0;1012;10000;2.0
2020/04/04 05:28:29;-0.48;1.31;0;87;7;0;0.0;1012;10000;2.0
2020/04/04 05:31:44;-0.48;1.31;0;87;7;0;0.0;1012;10000;2.0
2020/04/04 05:35:41;-0.48;1.32;0;87;7;0;0.0;1012;10000;2.0
2020/04/04 05:38:35;-0.48;1.33;0;87;7;0;0.0;1012;10000;2.0
2020/04/04 05:41:52;-0.47;1.33;0;87;7;0;0.0;1012;10000;2.0
2020/04/04 05:45:10;-0.48;1.33;0;87;7;0;0.0;1012;10000;2.0
2020/04/04 05:48:41;-0.48;1.32;0;87;7;0;0.0;1012;10000;2.0
2020/04/04 05:51:47;-0.47;1.32;0;87;7;0;0.0;1012;10000;2.0
2020/04/04 05:55:11;-0.46;1.33;0;87;7;0;0.0;1012;10000;2.0
2020/04/04 05:58:55;-0.46;1.32;0;87;7;0;0.0;1012;10000;2.0
2020/04/04 06:02:20;-0.45;1.32;0;87;7;0;0.0;1012;10000;2.0
2020/04/04 06:05:12;-0.45;1.33;0;87;7;0;0.0;1012;10000;2.0
2020/04/04 06:08:57;-0.45;1.33;0;86;7;0;0.0;1012;10000;2.0
2020/04/04 06:14:37;-0.45;1.33;0;86;7;0;0.0;1012;10000;2.0
2020/04/04 06:15:17;-0.46;1.33;0;86;7;0;0.0;1012;10000;2.0
2020/04/04 06:18:44;-0.45;1.32;0;86;7;0;0.0;1012;10000;2.0
2020/04/04 06:23:06;-0.45;1.33;0;86;7;0;0.0;1012;10000;2.0
2020/04/04 06:27:40;-0.45;1.33;0;86;7;0;0.0;1012;10000;2.0
2020/04/04 06:29:34;-0.45;1.33;0;86;7;0;0.0;1012;10000;2.0
2020/04/04 06:32:15;-0.46;1.33;0;86;7;0;0.0;1012;10000;2.0
2020/04/04 06:36:06;-0.46;1.32;0;86;7;0;0.0;1012;10000;2.0
2020/04/04 06:38:59;-0.46;1.33;0;86;7;0;0.0;1012;10000;2.0
2020/04/04 06:45:35;-0.45;1.33;0;85;7;0;0.0;1012;10000;2.0
2020/04/04 06:49:19;-0.46;1.32;0;84;7;0;0.0;1012;10000;2.0
2020/04/04 06:52:28;-0.48;1.31;0;84;7;0;0.0;1012;10000;2.0
2020/04/04 06:55:43;-0.52;1.31;0;83;7;0;0.0;1012;10000;2.0
2020/04/04 06:59:07;-0.52;1.31;0;83;7;0;0.0;1012;10000;2.0
2020/04/04 07:02:18;-0.52;1.30;0;82;7;0;0.0;1012;10000;2.0
2020/04/04 07:06:26;-0.53;1.31;0;82;7;0;0.0;1012;10000;2.0
2020/04/04 07:09:09;-0.52;1.31;0;82;7;0;0.0;1012;10000;2.0
2020/04/04 07:13:07;-0.51;1.31;0;81;7;0;0.0;1012;10000;2.0
2020/04/04 07:15:44;-0.51;1.31;0;81;7;0;0.0;1012;10000;2.0
2020/04/04 07:19:07;-0.51;1.31;0;81;7;0;0.0;1013;10000;2.0
2020/04/04 07:23:54;-0.51;1.30;0;80;7;0;0.0;1013;10000;2.0
2020/04/04 07:26:05;-0.52;1.31;0;80;7;0;0.0;1013;10000;2.0
2020/04/04 07:30:35;-0.50;1.31;0;80;7;0;0.0;1013;10000;2.0
2020/04/04 07:32:57;-0.49;1.31;0;79;7;0;0.0;1013;10000;2.0
2020/04/04 07:35:54;-0.49;1.31;0;79;7;0;0.0;1013;10000;2.0
2020/04/04 07:39:16;-0.48;1.30;0;79;7;0;0.0;1013;10000;2.0
2020/04/04 07:42:58;-0.49;1.31;0;79;7;0;0.0;1013;10000;2.0
2020/04/04 07:46:09;-0.48;1.30;0;79;7;0;0.0;1013;10000;2.0
2020/04/04 07:50:23;-0.49;1.30;0;78;7;0;0.0;1013;10000;2.0
2020/04/04 07:53:07;-0.48;1.31;0;78;7;0;0.0;1013;10000;2.0
2020/04/04 07:56:36;-0.48;1.30;0;78;7;0;0.0;1013;10000;2.0
2020/04/04 08:00:24;-0.48;1.31;0;78;7;0;0.0;1013;10000;2.0
2020/04/04 08:02:51;-0.48;1.31;0;77;7;0;0.0;1013;10000;2.0
2020/04/04 08:06:23;-0.51;1.27;0;76;7;0;0.0;1013;10000;2.0
2020/04/04 08:09:34;-0.58;1.24;0;73;7;0;0.0;1013;10000;2.0
2020/04/04 08:12:55;-0.55;1.27;0;73;7;0;0.0;1013;10000;2.0
2020/04/04 08:16:28;-0.54;1.28;0;73;7;0;0.0;1013;10000;2.0
2020/04/04 08:19:39;-0.54;1.28;0;73;7;0;0.0;1013;10000;2.0
2020/04/04 08:23:02;-0.57;1.28;0;72;7;0;0.0;1013;10000;2.0
2020/04/04 08:26:31;-0.56;1.28;0;72;7;0;0.0;1013;10000;2.0
2020/04/04 08:29:46;-0.53;1.27;0;71;7;0;0.0;1013;10000;2.0
2020/04/04 08:33:08;-0.53;1.27;0;71;7;0;0.0;1013;10000;2.0
2020/04/04 08:36:38;-0.53;1.28;0;71;7;0;0.0;1013;10000;2.0
2020/04/04 08:39:48;-0.53;1.28;0;71;7;0;0.0;1013;10000;2.0
2020/04/04 08:43:12;-0.54;1.28;0;71;7;0;0.0;1013;10000;2.0
2020/04/04 08:46:30;-0.54;1.28;0;71;7;0;0.0;1013;10000;2.0
2020/04/04 08:49:51;-0.54;1.28;0;71;7;0;0.0;1013;10000;2.0
2020/04/04 08:53:15;-0.53;1.27;0;71;7;0;0.0;1013;10000;2.0
2020/04/04 08:56:35;-0.54;1.27;0;70;7;0;0.0;1013;10000;2.0
2020/04/04 08:59:55;-0.54;1.27;0;71;7;0;0.0;1013;10000;2.0
2020/04/04 09:03:22;-0.54;1.27;0;71;7;0;0.0;1013;10000;2.0
2020/04/04 09:06:42;-0.54;1.27;0;70;7;0;0.0;1013;10000;2.0
2020/04/04 09:09:59;-0.55;1.27;0;70;7;0;0.0;1013;10000;2.0
2020/04/04 09:13:31;-0.54;1.27;0;70;7;0;0.0;1013;10000;2.0
2020/04/04 09:16:48;-0.58;1.23;0;69;7;0;0.0;1013;10000;2.0
2020/04/04 09:20:03;-0.57;1.24;0;70;7;0;0.0;1013;10000;2.0
2020/04/04 09:23:46;-0.58;1.23;0;71;7;0;0.0;1013;10000;2.0
2020/04/04 09:27:13;-0.59;1.21;0;74;7;0;0.0;1013;10000;2.0
2020/04/04 09:30:07;-0.60;1.19;0;77;7;0;0.0;1013;10000;2.0
2020/04/04 09:33:34;-0.62;1.18;0;79;7;0;0.0;1014;10000;2.0
2020/04/04 09:37:53;-0.63;1.18;0;81;7;0;0.0;1014;10000;2.0
2020/04/04 09:40:12;-0.64;1.17;0;83;7;0;0.0;1013;10000;2.0
2020/04/04 09:43:34;-0.65;1.17;0;85;7;0;0.0;1013;10000;2.0
2020/04/04 09:46:59;-0.65;1.16;0;86;7;0;0.0;1013;10000;2.0
2020/04/04 09:50:16;-0.66;1.16;0;88;7;0;0.0;1014;10000;2.0
2020/04/04 09:53:51;-0.70;1.14;0;89;7;0;0.0;1014;10000;2.0
2020/04/04 09:57:57;-0.67;1.15;0;91;7;0;0.0;1014;10000;2.0
2020/04/04 10:00:20;-0.68;1.14;0;92;7;0;0.0;1014;10000;2.0
2020/04/04 10:04:17;-0.70;1.12;0;93;7;0;0.0;1013;10000;2.0
2020/04/04 10:08:21;-0.70;1.11;0;95;7;0;0.0;1013;10000;2.0
2020/04/04 10:10:24;-0.71;1.11;0;96;7;0;0.0;1013;10000;2.0
2020/04/04 10:13:55;-0.72;1.11;0;97;7;0;0.0;1013;10000;2.0
2020/04/04 10:17:47;-0.73;1.10;0;98;7;0;0.0;1013;10000;2.0
2020/04/04 10:20:29;-0.74;1.10;0;99;7;0;0.0;1014;10000;2.0
2020/04/04 10:24:34;-0.73;1.09;0;100;7;0;0.0;1013;10000;2.0
2020/04/04 10:28:26;-0.74;1.09;0;100;7;0;0.0;1013;10000;2.0
2020/04/04 10:30:38;-0.75;1.07;0;100;7;0;0.0;1014;10000;2.0
2020/04/04 10:34:22;-0.76;1.07;0;100;7;0;0.0;1014;10000;2.0
2020/04/04 10:37:16;-0.76;1.08;0;100;7;0;0.0;1014;10000;2.0
2020/04/04 10:40:37;-0.81;1.05;0;100;7;0;0.0;1013;10000;2.0
2020/04/04 10:43:58;-0.81;1.05;0;100;7;0;0.0;1013;10000;2.0
2020/04/04 10:47:20;-0.86;1.03;0;100;7;0;0.0;1013;10000;2.0
2020/04/04 10:50:41;-0.83;1.04;0;100;7;0;0.0;1013;10000;2.0
2020/04/04 10:54:03;-0.85;1.04;0;100;7;0;0.0;1014;10000;2.0
2020/04/04 10:57:24;-0.86;1.04;0;100;7;0;0.0;1014;10000;2.0
2020/04/04 11:00:46;-0.82;1.06;0;100;7;0;0.0;1014;10000;2.0
2020/04/04 11:04:21;-0.82;1.06;0;100;7;0;0.0;1014;10000;2.0
2020/04/04 11:07:28;-0.82;1.05;0;100;7;0;0.0;1014;10000;2.0
2020/04/04 11:10:50;-0.85;1.04;0;100;7;0;0.0;1014;10000;2.0
2020/04/04 11:14:12;-0.94;0.97;0;100;7;0;0.0;1013;10000;2.0
2020/04/04 11:17:33;-0.96;0.96;0;100;7;0;0.0;1013;10000;2.0
2020/04/04 11:20:54;-0.99;0.95;0;100;7;0;0.0;1013;10000;2.0
2020/04/04 11:24:16;-1.01;0.94;0;99;7;0;0.0;1013;10000;2.0
2020/04/04 11:27:37;-1.01;0.95;0;99;7;0;0.0;1013;10000;2.0
2020/04/04 11:31:11;-0.98;0.96;0;100;7;0;0.0;1013;10000;2.0
2020/04/04 11:32:44;;;0;;;2;;;;
2020/04/04 11:34:20;-0.97;0.98;0;99;7;2;0.0;1013;10000;2.0
2020/04/04 11:37:41;-1.01;0.95;0;99;7;0;0.0;1013;10000;2.0
2020/04/04 11:41:02;-1.02;0.94;0;99;7;0;0.0;1013;10000;2.0
2020/04/04 11:41:16;;;0;;;2;;;;
2020/04/04 11:44:24;-1.03;0.92;0;99;7;2;0.0;1013;10000;2.0
2020/04/04 11:47:45;-1.06;0.90;0;99;7;0;0.0;1013;10000;2.0
2020/04/04 11:51:36;-1.05;0.91;0;99;7;0;0.0;1013;10000;2.0
2020/04/04 11:54:29;-0.98;0.95;0;100;7;0;0.0;1013;10000;2.0
2020/04/04 11:57:50;-1.03;0.92;0;99;7;0;0.0;1013;10000;2.0
2020/04/04 12:01:19;-1.00;0.94;0;100;7;0;0.0;1013;10000;2.0
2020/04/04 12:04:33;-0.95;0.96;0;100;7;0;0.0;1013;10000;2.0
2020/04/04 12:07:59;-0.97;0.96;0;100;7;0;0.0;1013;10000;2.0
2020/04/04 12:11:56;-0.96;0.95;0;100;7;0;0.0;1013;10000;2.0
2020/04/04 12:15:09;-0.94;0.96;0;100;7;0;0.0;1014;10000;2.0
2020/04/04 12:18:08;-0.95;0.95;0;100;7;0;0.0;1013;10000;2.0
2020/04/04 12:22:11;-0.95;0.94;0;100;7;0;0.0;1013;10000;2.0
2020/04/04 12:24:42;-0.94;0.95;0;100;7;0;0.0;1013;10000;2.0
2020/04/04 12:28:16;-0.94;0.94;0;100;7;0;0.0;1013;10000;2.0
2020/04/04 12:31:40;-0.94;0.95;0;100;7;0;0.0;1013;10000;2.0
2020/04/04 12:34:45;-0.94;0.95;0;100;7;0;0.0;1013;10000;2.0
2020/04/04 12:38:25;-0.94;0.95;0;100;7;0;0.0;1013;10000;2.0
2020/04/04 12:41:29;-0.95;0.95;0;100;7;0;0.0;1013;10000;2.0
2020/04/04 12:44:50;-1.00;0.92;0;100;7;0;0.0;1013;10000;2.0
2020/04/04 12:48:11;-1.07;0.87;0;100;7;0;0.0;1013;10000;2.0
2020/04/04 12:51:33;-1.08;0.85;0;100;7;0;0.0;1013;10000;2.0
2020/04/04 12:54:54;-1.06;0.87;0;100;7;0;0.0;1013;10000;2.0
2020/04/04 12:58:41;-1.04;0.88;0;100;7;0;0.0;1013;10000;2.0
2020/04/04 13:02:09;-0.99;0.91;0;100;7;0;0.0;1013;10000;2.0
2020/04/04 13:04:58;-0.93;0.94;0;100;7;0;0.0;1013;10000;2.0
2020/04/04 13:08:26;-0.89;0.96;0;100;7;0;0.0;1013;10000;2.0
2020/04/04 13:11:57;-0.85;0.98;0;100;7;0;0.0;1013;10000;2.0
2020/04/04 13:15:03;-0.83;1.00;0;100;7;0;0.0;1013;10000;2.0
2020/04/04 13:18:27;-0.81;1.01;0;100;7;0;0.0;1013;10000;2.0
2020/04/04 13:22:27;-0.79;1.01;0;100;7;0;0.0;1013;10000;2.0
2020/04/04 13:25:07;-0.78;1.02;0;100;7;0;0.0;1013;10000;2.0
2020/04/04 13:28:50;-0.78;1.03;0;100;7;0;0.0;1013;10000;2.0
2020/04/04 13:32:49;-0.77;1.03;0;100;7;0;0.0;1013;10000;2.0
2020/04/04 13:35:11;-0.78;1.03;0;100;7;0;0.0;1013;10000;2.0
2020/04/04 13:38:32;-0.77;1.03;0;99;7;0;0.0;1013;10000;2.0
2020/04/04 13:42:17;-0.77;1.04;0;99;7;0;0.0;1013;10000;2.0
2020/04/04 13:45:17;-0.77;1.04;0;99;7;0;0.0;1013;10000;2.0
2020/04/04 13:49:20;-0.76;1.05;0;99;7;0;0.0;1013;10000;2.0
2020/04/04 13:53:23;-0.76;1.05;0;99;7;0;0.0;1013;10000;2.0
2020/04/04 13:55:24;-0.76;1.05;0;99;7;0;0.0;1013;10000;2.0
2020/04/04 13:59:21;-0.75;1.05;0;99;7;0;0.0;1013;10000;2.0
2020/04/04 14:03:31;-0.76;1.05;0;99;7;0;0.0;1013;10000;2.0
2020/04/04 14:05:24;-0.76;1.05;0;99;7;0;0.0;1013;10000;2.0
2020/04/04 14:08:45;-0.76;1.06;0;99;7;0;0.0;1013;10000;2.0
2020/04/04 14:12:29;-0.76;1.06;0;98;7;0;0.0;1013;10000;2.0
2020/04/04 14:15:39;-0.76;1.06;0;98;7;0;0.0;1013;10000;2.0
2020/04/04 14:19:23;-0.75;1.06;0;98;7;0;0.0;1013;10000;2.0
2020/04/04 14:22:10;-0.75;1.06;0;98;7;0;0.0;1013;10000;2.0
2020/04/04 14:25:34;-0.75;1.06;0;98;7;0;0.0;1013;10000;2.0
2020/04/04 14:29:22;-0.75;1.06;0;98;7;0;0.0;1013;10000;2.0
2020/04/04 14:32:15;-0.75;1.07;0;98;7;0;0.0;1013;10000;2.0
2020/04/04 14:35:55;-0.76;1.06;0;98;7;0;0.0;1013;10000;2.0
2020/04/04 14:42:19;-0.75;1.07;0;97;7;0;0.0;1013;10000;2.0
2020/04/04 14:45:45;-0.75;1.07;0;97;7;0;0.0;1013;10000;2.0
2020/04/04 14:49:22;-0.75;1.07;0;97;7;0;0.0;1013;10000;2.0
2020/04/04 14:52:24;-0.75;1.07;0;97;7;0;0.0;1013;10000;2.0
2020/04/04 14:55:52;-0.75;1.08;0;97;7;0;0.0;1013;10000;2.0
2020/04/04 14:59:24;-0.74;1.08;0;97;7;0;0.0;1013;10000;2.0
2020/04/04 15:02:27;-0.74;1.08;0;97;7;0;0.0;1013;10000;2.0
2020/04/04 15:06:17;-0.74;1.08;0;96;7;0;0.0;1013;10000;2.0
2020/04/04 15:09:24;-0.74;1.08;0;96;7;0;0.0;1013;10000;2.0
2020/04/04 15:12:32;-0.73;1.08;0;96;7;0;0.0;1013;10000;2.0
2020/04/04 15:15:54;-0.74;1.08;0;96;7;0;0.0;1013;10000;2.0
2020/04/04 15:19:15;-0.74;1.07;0;96;7;0;0.0;1013;10000;2.0
2020/04/04 15:22:36;-0.73;1.07;0;96;7;0;0.0;1013;10000;2.0
2020/04/04 15:26:24;-0.73;1.07;0;96;7;0;0.0;1013;10000;2.0
2020/04/04 15:29:24;-0.74;1.07;0;95;7;0;0.0;1013;10000;2.0
2020/04/04 15:32:40;-0.73;1.07;0;95;7;0;0.0;1013;10000;2.0
2020/04/04 15:39:23;-0.73;1.08;0;95;7;0;0.0;1013;10000;2.0
2020/04/04 15:42:44;-0.73;1.09;0;95;7;0;0.0;1013;10000;2.0
2020/04/04 15:46:48;-0.73;1.08;0;95;7;0;0.0;1013;10000;2.0
2020/04/04 15:49:40;-0.73;1.08;0;94;7;0;0.0;1013;10000;2.0
2020/04/04 15:52:52;-0.73;1.09;0;94;7;0;0.0;1013;10000;2.0
2020/04/04 15:56:11;-0.73;1.09;0;94;7;0;0.0;1013;10000;2.0
2020/04/04 16:00:58;-0.72;1.08;0;94;7;0;0.0;1013;10000;2.0
2020/04/04 16:02:53;-0.71;1.09;0;94;7;0;0.0;1013;10000;2.0
2020/04/04 16:07:03;-0.72;1.09;0;94;7;0;0.0;1013;10000;2.0
2020/04/04 16:10:23;-0.72;1.09;0;94;7;0;0.0;1013;10000;2.0
2020/04/04 16:13:07;-0.72;1.09;0;93;7;0;0.0;1013;10000;2.0
2020/04/04 16:16:57;-0.72;1.09;0;93;7;0;0.0;1013;10000;2.0
2020/04/04 16:24:02;-0.69;1.11;0;93;7;0;0.0;1013;10000;2.0
2020/04/04 16:27:08;-0.69;1.11;0;93;7;0;0.0;1013;10000;2.0
2020/04/04 16:30:05;-0.68;1.11;0;93;7;0;0.0;1013;10000;2.0
2020/04/04 16:37:37;-0.68;1.12;0;93;7;0;0.0;1013;10000;2.0
2020/04/04 16:41:36;-0.67;1.12;0;93;7;0;0.0;1013;10000;2.0
2020/04/04 16:44:06;-0.67;1.12;0;93;7;0;0.0;1013;10000;2.0
2020/04/04 16:46:39;-0.66;1.12;0;93;7;0;0.0;1013;10000;2.0
2020/04/04 16:50:42;-0.66;1.13;0;93;7;0;0.0;1013;10000;2.0
2020/04/04 16:53:27;-0.67;1.13;0;93;7;0;0.0;1013;10000;2.0
2020/04/04 16:56:57;-0.67;1.13;0;93;7;0;0.0;1013;10000;2.0
2020/04/04 17:02:42;-0.66;1.13;0;93;7;0;0.0;1013;10000;2.0
2020/04/04 17:03:47;-0.66;1.13;0;93;7;0;0.0;1013;10000;2.0
2020/04/04 17:12:09;-0.67;1.14;0;93;7;0;0.0;1013;10000;2.0
2020/04/04 17:14:22;-0.67;1.13;0;93;7;0;0.0;1013;10000;2.0
2020/04/04 17:20:49;-0.67;1.13;0;93;7;0;0.0;1013;10000;2.0
2020/04/04 17:24:17;-0.67;1.14;0;93;7;0;0.0;1013;10000;2.0
2020/04/04 17:27:02;-0.67;1.14;0;92;7;0;0.0;1013;10000;2.0
2020/04/04 17:30:54;-0.67;1.13;0;92;7;0;0.0;1013;10000;2.0
2020/04/04 17:34:18;-0.67;1.13;0;92;7;0;0.0;1013;10000;2.0
2020/04/04 17:38:03;-0.67;1.13;0;92;7;0;0.0;1013;10000;2.0
2020/04/04 17:41:36;-0.67;1.14;0;92;7;0;0.0;1013;10000;2.0
2020/04/04 17:43:47;-0.66;1.14;0;92;7;0;0.0;1013;10000;2.0
2020/04/04 17:48:00;-0.66;1.14;0;92;7;0;0.0;1013;10000;2.0
2020/04/04 17:50:53;-0.66;1.14;0;92;7;0;0.0;1013;10000;2.0
2020/04/04 17:53:53;-0.65;1.14;0;92;7;0;0.0;1013;10000;2.0
2020/04/04 17:57:13;-0.65;1.14;0;92;7;0;0.0;1013;10000;2.0
2020/04/04 18:00:43;-0.65;1.14;0;92;7;0;0.0;1013;10000;2.0
2020/04/04 18:04:16;-0.65;1.14;0;92;7;0;0.0;1013;10000;2.0
2020/04/04 18:10:36;-0.65;1.14;0;92;7;0;0.0;1013;10000;2.0
2020/04/04 18:14:52;-0.65;1.15;0;92;7;0;0.0;1013;10000;2.0
2020/04/04 18:18:58;-0.64;1.15;0;92;7;0;0.0;1013;10000;2.0
2020/04/04 18:20:51;-0.64;1.15;0;92;7;0;0.0;1013;10000;2.0
2020/04/04 18:25:07;-0.63;1.15;0;91;7;0;0.0;1013;10000;2.0
2020/04/04 18:31:22;-0.63;1.15;0;91;7;0;0.0;1013;10000;2.0
2020/04/04 18:35:28;-0.63;1.15;0;91;7;0;0.0;1013;10000;2.0
2020/04/04 18:38:03;-0.63;1.15;0;91;7;0;0.0;1013;10000;2.0
2020/04/04 18:58:37;-0.62;1.16;0;91;7;0;0.0;1013;10000;2.0
2020/04/04 19:06:58;-0.62;1.16;0;91;7;0;0.0;1013;10000;2.0
2020/04/04 19:08:56;-0.62;1.16;0;91;7;0;0.0;1013;10000;2.0
2020/04/04 19:12:12;-0.63;1.16;0;91;7;0;0.0;1013;10000;2.0
2020/04/04 19:15:19;-0.62;1.17;0;91;7;0;0.0;1013;10000;2.0
2020/04/04 19:19:27;-0.62;1.16;0;91;7;0;0.0;1013;10000;2.0
2020/04/04 19:32:00;-0.62;1.17;0;90;7;0;0.0;1013;10000;2.0
2020/04/04 19:35:02;-0.62;1.17;0;90;7;0;0.0;1013;10000;2.0
2020/04/04 19:40:21;-0.62;1.17;0;90;7;0;0.0;1013;10000;2.0
2020/04/04 19:42:09;-0.62;1.17;0;90;7;0;0.0;1013;10000;2.0
2020/04/04 19:45:02;-0.61;1.17;0;90;7;0;0.0;1013;10000;2.0
2020/04/04 19:57:01;-0.61;1.18;0;90;7;0;0.0;1013;10000;2.0
2020/04/04 19:58:26;-0.61;1.18;0;90;7;0;0.0;1013;10000;2.0
2020/04/04 20:05:22;-0.61;1.18;0;90;7;0;0.0;1013;10000;2.0
2020/04/04 20:21:45;-0.60;1.18;0;89;7;0;0.0;1013;10000;2.0
2020/04/04 20:25:22;-0.61;1.19;0;89;7;0;0.0;1013;10000;2.0
2020/04/04 20:28:45;-0.60;1.19;0;89;7;0;0.0;1013;10000;2.0
2020/04/04 20:32:13;-0.62;1.18;0;89;7;0;0.0;1013;10000;2.0
2020/04/04 20:36:00;-0.60;1.19;0;89;7;0;0.0;1013;10000;2.0
2020/04/04 20:39:53;-0.60;1.19;0;89;7;0;0.0;1013;10000;2.0
2020/04/04 20:41:53;-0.59;1.20;0;89;7;0;0.0;1013;10000;2.0
2020/04/04 20:45:24;-0.59;1.19;0;89;7;0;0.0;1013;10000;2.0
2020/04/04 20:50:14;-0.60;1.19;0;88;7;0;0.0;1013;10000;2.0
2020/04/04 20:52:58;-0.59;1.18;0;88;7;0;0.0;1013;10000;2.0
2020/04/04 20:55:23;-0.59;1.19;0;88;7;0;0.0;1013;10000;2.0
2020/04/04 21:02:15;-0.59;1.18;0;88;7;0;0.0;1013;10000;2.0
2020/04/04 21:05:32;-0.59;1.19;0;88;7;0;0.0;1013;10000;2.0
2020/04/04 21:08:58;-0.59;1.19;0;88;7;0;0.0;1013;10000;2.0
2020/04/04 21:12:15;-0.59;1.19;0;88;7;0;0.0;1013;10000;2.0
2020/04/04 21:15:45;-0.58;1.19;0;88;7;0;0.0;1013;10000;2.0
2020/04/04 21:20:57;-0.59;1.20;0;88;7;0;0.0;1013;10000;2.0
2020/04/04 21:22:44;-0.59;1.19;0;88;7;0;0.0;1013;10000;2.0
2020/04/04 21:26:14;-0.59;1.20;0;88;7;0;0.0;1013;10000;2.0
2020/04/04 21:32:26;-0.59;1.21;0;88;7;0;0.0;1013;10000;2.0
2020/04/04 21:35:58;-0.59;1.21;0;88;7;0;0.0;1013;10000;2.0
2020/04/04 21:40:06;-0.58;1.21;0;88;7;0;0.0;1013;10000;2.0
2020/04/04 21:42:17;-0.58;1.22;0;88;7;0;0.0;1013;10000;2.0
2020/04/04 21:48:17;-0.58;1.21;0;88;7;0;0.0;1013;10000;2.0
2020/04/04 21:49:20;-0.58;1.21;0;88;7;0;0.0;1013;10000;2.0
2020/04/04 21:52:40;-0.58;1.21;0;88;7;0;0.0;1013;10000;2.0
2020/04/04 21:57:15;-0.58;1.21;0;88;7;0;0.0;1013;10000;2.0
2020/04/04 21:59:32;-0.58;1.22;0;87;7;0;0.0;1013;10000;2.0
2020/04/04 22:03:00;-0.59;1.22;0;87;7;0;0.0;1013;10000;2.0
2020/04/04 22:06:17;-0.58;1.22;0;87;7;0;0.0;1013;10000;2.0
2020/04/04 22:10:59;-0.58;1.22;0;87;7;0;0.0;1013;10000;2.0
2020/04/04 22:14:13;-0.57;1.23;0;87;7;0;0.0;1013;10000;2.0
2020/04/04 22:16:29;-0.57;1.22;0;87;7;0;0.0;1013;10000;2.0
2020/04/04 22:20:26;-0.58;1.23;0;87;7;0;0.0;1013;10000;2.0
2020/04/04 22:27:09;-0.57;1.23;0;87;7;0;0.0;1013;10000;2.0
2020/04/04 22:38:03;-0.58;1.23;0;87;7;0;0.0;1013;10000;2.0
2020/04/04 22:42:16;-0.58;1.23;0;87;7;0;0.0;1013;10000;2.0
2020/04/04 22:43:55;-0.57;1.23;0;87;7;0;0.0;1013;10000;2.0
2020/04/04 22:51:34;-0.57;1.23;0;87;7;0;0.0;1013;10000;2.0
2020/04/04 22:56:55;-0.56;1.23;0;87;7;0;0.0;1013;10000;2.0
2020/04/04 23:06:43;-0.56;1.23;0;86;7;0;0.0;1013;10000;2.0
2020/04/04 23:10:23;-0.56;1.23;0;86;7;0;0.0;1013;10000;2.0
2020/04/04 23:27:25;-0.55;1.25;0;86;7;0;0.0;1013;10000;2.0
2020/04/04 23:33:53;-0.55;1.25;0;86;7;0;0.0;1013;10000;2.0
2020/04/04 23:42:02;-0.55;1.25;0;86;7;0;0.0;1013;10000;2.0
2020/04/04 23:44:33;-0.56;1.25;0;86;7;0;0.0;1013;10000;2.0
2020/04/04 23:48:04;-0.55;1.25;0;86;7;0;0.0;1013;10000;2.0
2020/04/04 23:50:33;-0.55;1.25;0;86;7;0;0.0;1013;10000;2.0
2020/04/04 23:53:25;-0.55;1.25;0;86;7;0;0.0;1013;10000;2.0
2020/04/04 23:57:07;-0.54;1.25;0;86;7;0;0.0;1013;10000;2.0
2020/04/05 00:08:02;-0.55;1.26;0;86;7;0;0.0;1013;10000;2.0
2020/04/05 00:12:17;-0.55;1.26;0;85;7;0;0.0;1013;10000;2.0
2020/04/05 00:14:25;-0.54;1.26;0;85;7;0;0.0;1013;10000;2.0
2020/04/05 00:21:12;-0.54;1.26;0;85;7;0;0.0;1013;10000;2.0
2020/04/05 00:25:16;-0.54;1.27;0;85;7;0;0.0;1013;10000;2.0
2020/04/05 00:29:26;-0.54;1.27;0;85;7;0;0.0;1013;10000;2.0
2020/04/05 00:30:58;-0.54;1.26;0;85;7;0;0.0;1013;10000;2.0
2020/04/05 00:34:20;-0.56;1.24;0;84;7;0;0.0;1013;10000;2.0
2020/04/05 00:38:03;-0.54;1.26;0;84;7;0;0.0;1013;10000;2.0
2020/04/05 00:42:18;-0.54;1.26;0;84;7;0;0.0;1013;10000;2.0
2020/04/05 00:44:24;-0.54;1.26;0;84;7;0;0.0;1013;10000;2.0
2020/04/05 00:51:33;-0.53;1.27;0;84;7;0;0.0;1013;10000;2.0
2020/04/05 00:55:11;-0.53;1.28;0;84;7;0;0.0;1013;10000;2.0
2020/04/05 00:57:56;-0.53;1.27;0;84;7;0;0.0;1013;10000;2.0
2020/04/05 01:10:47;-0.53;1.28;0;84;7;0;0.0;1013;10000;2.0
2020/04/05 01:27:18;-0.53;1.26;0;84;7;0;0.0;1013;10000;2.0
2020/04/05 01:29:36;-0.53;1.27;0;84;7;0;0.0;1013;10000;2.0
2020/04/05 01:34:02;-0.54;1.28;0;84;7;0;0.0;1013;10000;2.0
2020/04/05 01:38:03;-0.53;1.28;0;84;7;0;0.0;1013;10000;2.0
2020/04/05 01:42:19;-0.53;1.28;0;83;7;0;0.0;1013;10000;2.0
2020/04/05 01:44:47;-0.52;1.28;0;83;7;0;0.0;1013;10000;2.0
2020/04/05 01:51:39;-0.52;1.27;0;83;7;0;0.0;1013;10000;2.0
2020/04/05 02:00:57;-0.52;1.29;0;83;7;0;0.0;1013;10000;2.0
2020/04/05 02:01:28;-0.52;1.28;0;83;7;0;0.0;1013;10000;2.0
2020/04/05 02:12:05;-0.52;1.28;0;83;7;0;0.0;1013;10000;2.0
2020/04/05 02:14:50;-0.52;1.28;0;83;7;0;0.0;1013;10000;2.0
2020/04/05 02:19:02;-0.51;1.29;0;83;7;0;0.0;1013;10000;2.0
2020/04/05 02:32:28;-0.52;1.29;0;83;7;0;0.0;1013;10000;2.0
2020/04/05 02:38:49;-0.52;1.29;0;83;7;0;0.0;1013;10000;2.0
2020/04/05 02:53:26;-0.55;1.29;0;82;7;0;0.0;1013;10000;2.0
2020/04/05 02:58:47;-0.55;1.29;0;82;7;0;0.0;1013;10000;2.0
2020/04/05 03:12:19;-0.50;1.30;0;82;7;0;0.0;1013;10000;2.0
2020/04/05 03:18:45;-0.51;1.30;0;82;7;0;0.0;1013;10000;2.0
2020/04/05 03:29:27;-0.51;1.29;0;82;7;0;0.0;1013;10000;2.0
2020/04/05 03:35:34;-0.51;1.31;0;82;7;0;0.0;1013;10000;2.0
2020/04/05 03:39:51;-0.52;1.30;0;82;7;0;0.0;1013;10000;2.0
2020/04/05 03:42:20;-0.51;1.31;0;82;7;0;0.0;1013;10000;2.0
2020/04/05 03:45:30;-0.50;1.31;0;82;7;0;0.0;1013;10000;2.0
2020/04/05 03:53:35;-0.51;1.30;0;81;7;0;0.0;1013;10000;2.0
2020/04/05 03:57:21;-0.51;1.31;0;81;7;0;0.0;1013;10000;2.0
2020/04/05 04:00:04;-0.51;1.30;0;81;7;0;0.0;1013;10000;2.0
2020/04/05 04:02:35;-0.51;1.30;0;81;7;0;0.0;1013;10000;2.0
2020/04/05 04:05:24;-0.51;1.31;0;81;7;0;0.0;1013;10000;2.0
2020/04/05 04:12:21;-0.50;1.31;0;81;7;0;0.0;1013;10000;2.0
2020/04/05 04:26:47;-0.51;1.31;0;81;7;0;0.0;1013;10000;2.0
2020/04/05 04:36:04;-0.52;1.31;0;81;7;0;0.0;1013;10000;2.0
2020/04/05 04:41:25;-0.51;1.30;0;81;7;0;0.0;1013;10000;2.0
2020/04/05 04:42:23;-0.51;1.30;0;81;7;0;0.0;1013;10000;2.0
2020/04/05 04:50:41;-0.51;1.30;0;81;7;0;0.0;1013;10000;2.0
2020/04/05 04:56:38;-0.51;1.30;0;81;7;0;0.0;1013;10000;2.0
2020/04/05 05:02:47;-0.51;1.30;0;80;7;0;0.0;1013;10000;2.0
2020/04/05 05:05:44;-0.52;1.30;0;80;7;0;0.0;1013;10000;2.0
2020/04/05 05:12:25;-0.51;1.29;0;80;7;0;0.0;1013;10000;2.0
2020/04/05 05:17:26;-0.51;1.29;0;80;7;0;0.0;1013;10000;2.0
2020/04/05 05:19:39;-0.51;1.29;0;80;7;0;0.0;1013;10000;2.0
2020/04/05 05:22:46;-0.51;1.29;0;80;7;0;0.0;1013;10000;2.0
2020/04/05 05:27:24;-0.51;1.30;0;80;7;0;0.0;1013;10000;2.0
2020/04/05 05:29:27;-0.52;1.29;0;80;7;0;0.0;1013;10000;2.0
2020/04/05 05:38:05;-0.50;1.29;0;80;7;0;0.0;1013;10000;2.0
2020/04/05 05:45:39;-0.50;1.30;0;80;7;0;0.0;1013;10000;2.0
2020/04/05 05:48:04;-0.51;1.30;0;80;7;0;0.0;1013;10000;2.0
2020/04/05 05:50:57;-0.51;1.30;0;80;7;0;0.0;1013;10000;2.0
2020/04/05 05:57:59;-0.51;1.30;0;80;7;0;0.0;1013;10000;2.0
2020/04/05 06:06:37;-0.50;1.30;0;80;7;0;0.0;1013;10000;2.0
2020/04/05 06:07:48;-0.51;1.30;0;80;7;0;0.0;1013;10000;2.0
2020/04/05 06:12:25;-0.51;1.31;0;79;7;0;0.0;1013;10000;2.0
2020/04/05 06:14:47;-0.51;1.30;0;79;7;0;0.0;1013;10000;2.0
2020/04/05 06:23:33;-0.50;1.30;0;79;7;0;0.0;1013;10000;2.0
2020/04/05 06:29:25;-0.49;1.30;0;79;7;0;0.0;1013;10000;2.0
2020/04/05 06:34:46;-0.50;1.30;0;79;7;0;0.0;1013;10000;2.0
2020/04/05 06:38:03;-0.50;1.30;0;79;7;0;0.0;1013;10000;2.0
2020/04/05 06:41:15;-0.51;1.29;0;79;7;0;0.0;1013;10000;2.0
2020/04/05 06:44:49;-0.52;1.27;0;78;7;0;0.0;1013;10000;2.0
2020/04/05 06:54:44;-0.50;1.29;0;78;7;0;0.0;1013;10000;2.0
2020/04/05 06:58:15;-0.51;1.30;0;78;7;0;0.0;1013;10000;2.0
2020/04/05 07:08:21;-0.50;1.30;0;78;7;0;0.0;1013;10000;2.0
2020/04/05 07:14:59;-0.51;1.31;0;78;7;0;0.0;1013;10000;2.0
2020/04/05 07:18:21;-0.52;1.31;0;78;7;0;0.0;1013;10000;2.0
2020/04/05 07:21:53;-0.52;1.32;0;78;7;0;0.0;1016;10000;2.0
2020/04/05 07:25:16;-0.51;1.31;0;78;7;0;0.0;1017;10000;2.0
2020/04/05 07:28:25;-0.51;1.30;0;78;7;0;0.0;1016;10000;2.0
2020/04/05 07:32:25;-0.51;1.30;0;78;7;0;0.0;1017;10000;2.0
2020/04/05 07:36:04;-0.50;1.31;0;78;7;0;0.0;1017;10000;2.0
2020/04/05 07:38:17;-0.51;1.32;0;78;7;0;0.0;1017;10000;2.0
2020/04/05 07:41:41;-0.52;1.31;0;78;7;0;0.0;1017;10000;2.0
2020/04/05 07:45:26;-0.52;1.31;0;78;7;0;0.0;1017;10000;2.0
2020/04/05 07:48:27;-0.51;1.30;0;78;7;0;0.0;1017;10000;2.0
2020/04/05 07:52:06;-0.51;1.30;0;78;7;0;0.0;1017;10000;2.0
2020/04/05 07:55:27;-0.52;1.29;0;78;7;0;0.0;1017;10000;2.0
2020/04/05 07:58:45;-0.52;1.29;0;77;7;0;0.0;1017;10000;2.0
2020/04/05 08:02:01;-0.52;1.29;0;77;7;0;0.0;1017;10000;2.0
2020/04/05 08:05:24;-0.52;1.29;0;77;7;0;0.0;1017;10000;2.0
2020/04/05 08:09:26;-0.53;1.30;0;77;7;0;0.0;1017;10000;2.0
2020/04/05 08:12:04;-0.52;1.29;0;77;7;0;0.0;1017;10000;2.0
2020/04/05 08:16:51;-0.53;1.28;0;77;7;0;0.0;1017;10000;2.0
2020/04/05 08:21:59;-0.53;1.28;0;77;7;0;0.0;1017;10000;2.0
2020/04/05 08:25:31;-0.53;1.29;0;77;7;0;0.0;1017;10000;2.0
2020/04/05 08:31:57;-0.63;1.21;0;73;7;0;0.0;1017;10000;2.0
2020/04/05 08:35:29;-0.61;1.23;0;72;7;0;0.0;1017;10000;2.0
2020/04/05 08:38:49;-0.61;1.22;0;71;7;0;0.0;1017;10000;2.0
2020/04/05 08:42:02;-0.61;1.22;0;69;7;0;0.0;1017;10000;2.0
2020/04/05 08:45:32;-0.61;1.21;0;69;7;0;0.0;1017;10000;2.0
2020/04/05 08:48:56;-0.62;1.22;0;67;7;0;0.0;1017;10000;2.0
2020/04/05 08:52:25;-0.62;1.21;0;66;7;0;0.0;1017;10000;2.0
2020/04/05 08:55:28;-0.61;1.21;0;66;7;0;0.0;1017;10000;2.0
2020/04/05 08:58:49;-0.61;1.22;0;65;7;0;0.0;1017;10000;2.0
2020/04/05 09:02:15;-0.61;1.23;0;64;7;0;0.0;1017;10000;2.0
2020/04/05 09:05:32;-0.62;1.22;0;64;7;0;0.0;1017;10000;2.0
2020/04/05 09:09:11;-0.62;1.22;0;64;7;0;0.0;1017;10000;2.0
2020/04/05 09:15:35;-0.65;1.20;0;62;7;0;0.0;1017;10000;2.0
2020/04/05 09:19:18;-0.64;1.20;0;62;7;0;0.0;1017;10000;2.0
2020/04/05 09:22:19;-0.65;1.18;0;62;7;0;0.0;1017;10000;2.0
2020/04/05 09:25:40;-0.68;1.14;0;64;7;0;0.0;1017;10000;2.0
2020/04/05 09:29:01;-0.67;1.16;0;66;7;0;0.0;1017;10000;2.0
2020/04/05 09:33:06;-0.68;1.16;0;68;7;0;0.0;1017;10000;2.0
2020/04/05 09:35:44;-0.68;1.16;0;72;7;0;0.0;1017;10000;2.0
2020/04/05 09:39:24;-0.68;1.16;0;74;7;0;0.0;1017;10000;2.0
2020/04/05 09:42:27;-0.69;1.15;0;77;7;0;0.0;1017;10000;2.0
2020/04/05 09:45:48;-0.71;1.14;0;80;7;0;0.0;1017;10000;2.0
2020/04/05 09:49:24;-0.72;1.13;0;82;7;0;0.0;1017;10000;2.0
2020/04/05 09:52:39;-0.72;1.13;0;84;7;0;0.0;1017;10000;2.0
2020/04/05 09:55:53;-0.72;1.13;0;86;7;0;0.0;1017;10000;2.0
2020/04/05 09:59:23;-0.73;1.12;0;88;7;0;0.0;1017;10000;2.0
2020/04/05 10:02:35;-0.75;1.11;0;90;7;0;0.0;1017;10000;2.0
2020/04/05 10:05:57;-0.76;1.10;0;92;7;0;0.0;1017;10000;2.0
2020/04/05 10:09:21;-0.77;1.09;0;93;7;0;0.0;1017;10000;2.0
2020/04/05 10:12:40;-0.77;1.10;0;95;7;0;0.0;1017;10000;2.0
2020/04/05 10:16:03;-0.78;1.08;0;96;7;0;0.0;1017;10000;2.0
2020/04/05 10:19:23;-0.78;1.08;0;98;7;0;0.0;1017;10000;2.0
2020/04/05 10:23:08;-0.78;1.08;0;99;7;0;0.0;1017;10000;2.0
2020/04/05 10:26:11;-0.82;1.07;0;100;7;0;0.0;1017;10000;2.0
2020/04/05 10:30:06;-0.81;1.06;0;100;7;0;0.0;1017;10000;2.0
2020/04/05 10:32:48;-0.82;1.05;0;100;7;0;0.0;1017;10000;2.0
2020/04/05 10:36:19;-0.87;1.03;0;100;7;0;0.0;1017;10000;2.0
2020/04/05 10:39:31;-0.87;1.03;0;100;7;0;0.0;1017;10000;2.0
2020/04/05 10:42:52;-0.89;1.01;0;100;7;0;0.0;1017;10000;2.0
2020/04/05 10:46:28;-0.87;1.02;0;100;7;0;0.0;1017;10000;2.0
2020/04/05 10:50:31;-0.90;1.02;0;100;7;0;0.0;1017;10000;2.0
2020/04/05 10:52:57;-0.85;1.04;0;100;7;0;0.0;1017;10000;2.0
2020/04/05 10:56:19;-0.84;1.05;0;100;7;0;0.0;1017;10000;2.0
2020/04/05 10:59:39;-0.84;1.06;0;100;7;0;0.0;1017;10000;2.0
2020/04/05 11:03:01;-0.85;1.03;0;100;7;0;0.0;1017;10000;2.0
2020/04/05 11:06:44;-0.84;1.05;0;100;7;0;0.0;1017;10000;2.0
2020/04/05 11:09:46;-0.89;1.01;0;100;7;0;0.0;1017;10000;2.0
2020/04/05 11:13:05;-0.88;1.01;0;100;7;0;0.0;1017;10000;2.0
2020/04/05 11:16:52;-0.88;1.01;0;100;7;0;0.0;1017;10000;2.0
2020/04/05 11:19:48;-0.88;1.02;0;100;7;0;0.0;1017;10000;2.0
2020/04/05 11:23:10;-0.89;1.01;0;100;7;0;0.0;1017;10000;2.0
2020/04/05 11:26:47;-0.90;1.00;0;100;7;0;0.0;1017;10000;2.0
2020/04/05 11:30:54;-0.90;0.99;0;100;7;0;0.0;1017;10000;2.0
2020/04/05 11:33:14;-0.90;0.99;0;100;7;0;0.0;1017;10000;2.0
2020/04/05 11:36:36;-0.90;0.99;0;100;7;0;0.0;1017;10000;2.0
2020/04/05 11:39:57;-0.92;0.97;0;100;7;0;0.0;1017;10000;2.0
2020/04/05 11:43:18;-0.94;0.96;0;100;7;0;0.0;1017;10000;2.0
2020/04/05 11:47:18;-0.94;0.96;0;100;7;0;0.0;1017;10000;2.0
2020/04/05 11:50:27;-0.94;0.95;0;100;7;0;0.0;1017;10000;2.0
2020/04/05 11:53:23;-0.94;0.94;0;100;7;0;0.0;1016;10000;2.0
2020/04/05 11:57:18;-0.95;0.92;0;100;7;0;0.0;1016;10000;2.0
2020/04/05 12:01:29;-0.95;0.93;0;100;7;0;0.0;1016;10000;2.0
2020/04/05 12:03:31;-0.95;0.92;0;100;7;0;0.0;1016;10000;2.0
2020/04/05 12:07:34;-0.96;0.91;0;100;7;0;0.0;1016;10000;2.0
2020/04/05 12:10:20;-0.97;0.91;0;100;7;0;0.0;1016;10000;2.0
2020/04/05 12:13:40;-0.98;0.91;0;100;7;0;0.0;1016;10000;2.0
2020/04/05 12:17:43;-0.97;0.91;0;100;7;0;0.0;1016;10000;2.0
2020/04/05 12:20:14;-0.98;0.90;0;100;7;0;0.0;1016;10000;2.0
2020/04/05 12:23:35;-0.99;0.89;0;100;7;0;0.0;1016;10000;2.0
2020/04/05 12:27:20;-1.00;0.88;0;100;7;0;0.0;1016;10000;2.0
2020/04/05 12:30:18;-1.00;0.88;0;100;7;0;0.0;1016;10000;2.0
2020/04/05 12:33:56;-1.00;0.87;0;100;7;0;0.0;1016;10000;2.0
2020/04/05 12:37:10;-1.01;0.87;0;100;7;0;0.0;1016;10000;2.0
2020/04/05 12:40:22;-1.01;0.87;0;100;7;0;0.0;1016;10000;2.0
2020/04/05 12:43:43;-1.04;0.84;0;100;7;0;0.0;1016;10000;2.0
2020/04/05 12:47:04;-1.10;0.80;0;100;7;0;0.0;1016;10000;2.0
2020/04/05 12:50:26;-1.11;0.79;0;100;7;0;0.0;1016;10000;2.0
2020/04/05 12:53:47;-1.11;0.79;0;100;7;0;0.0;1016;10000;2.0
2020/04/05 12:57:09;-1.10;0.79;0;100;7;0;0.0;1016;10000;2.0
2020/04/05 13:00:31;-1.06;0.82;0;100;7;0;0.0;1016;10000;2.0
2020/04/05 13:04:21;-0.99;0.85;0;100;7;0;0.0;1016;10000;2.0
2020/04/05 13:10:35;-0.89;0.90;0;100;7;0;0.0;1016;10000;2.0
2020/04/05 13:14:22;-0.87;0.92;0;100;7;0;0.0;1016;10000;2.0
2020/04/05 13:18:33;-0.85;0.93;0;100;7;0;0.0;1016;10000;2.0
2020/04/05 13:20:39;-0.83;0.94;0;99;7;0;0.0;1016;10000;2.0
2020/04/05 13:27:30;-0.82;0.95;0;99;7;0;0.0;1016;10000;2.0
2020/04/05 13:30:44;-0.81;0.95;0;98;7;0;0.0;1016;10000;2.0
2020/04/05 13:34:22;-0.81;0.96;0;98;7;0;0.0;1016;10000;2.0
2020/04/05 13:37:26;-0.80;0.97;0;98;7;0;0.0;1016;10000;2.0
2020/04/05 13:40:50;-0.82;0.96;0;98;7;0;0.0;1016;10000;2.0
2020/04/05 13:44:21;-0.81;0.96;0;97;7;0;0.0;1016;10000;2.0
2020/04/05 13:48:56;-0.79;0.97;0;97;7;0;0.0;1016;10000;2.0
2020/04/05 13:50:54;-0.79;0.98;0;97;7;0;0.0;1016;10000;2.0
2020/04/05 13:54:24;-0.79;0.98;0;97;7;0;0.0;1016;10000;2.0
2020/04/05 13:57:35;-0.79;0.98;0;96;7;0;0.0;1016;10000;2.0
2020/04/05 14:01:05;-0.79;0.98;0;96;7;0;0.0;1016;10000;2.0
2020/04/05 14:04:23;-0.78;0.98;0;96;7;0;0.0;1016;10000;2.0
2020/04/05 14:07:55;-0.78;1.00;0;96;7;0;0.0;1016;10000;2.0
2020/04/05 14:11:13;-0.77;1.00;0;96;7;0;0.0;1016;10000;2.0
2020/04/05 14:14:23;-0.77;1.00;0;96;7;0;0.0;1016;10000;2.0
2020/04/05 14:17:44;-0.76;1.01;0;95;7;0;0.0;1016;10000;2.0
2020/04/05 14:21:04;-0.78;1.01;0;95;7;0;0.0;1016;10000;2.0
2020/04/05 14:24:50;-0.77;1.01;0;95;7;0;0.0;1016;10000;2.0
2020/04/05 14:27:47;-0.77;1.02;0;95;7;0;0.0;1016;10000;2.0
2020/04/05 14:31:09;-0.76;1.01;0;95;7;0;0.0;1016;10000;2.0
2020/04/05 14:34:56;-0.76;1.02;0;95;7;0;0.0;1016;10000;2.0
2020/04/05 14:37:52;-0.75;1.02;0;95;7;0;0.0;1015;10000;2.0
2020/04/05 14:41:31;-0.75;1.02;0;95;7;0;0.0;1015;10000;2.0
2020/04/05 14:45:39;-0.75;1.03;0;94;7;0;0.0;1015;10000;2.0
2020/04/05 14:47:56;-0.74;1.03;0;94;7;0;0.0;1015;10000;2.0
2020/04/05 14:51:29;-0.75;1.03;0;94;7;0;0.0;1015;10000;2.0
2020/04/05 14:55:46;-0.74;1.03;0;94;7;0;0.0;1015;10000;2.0
2020/04/05 14:58:00;-0.74;1.03;0;94;7;0;0.0;1015;10000;2.0
2020/04/05 15:01:37;-0.74;1.03;0;94;7;0;0.0;1015;10000;2.0
2020/04/05 15:04:43;-0.74;1.03;0;94;7;0;0.0;1015;10000;2.0
2020/04/05 15:08:05;-0.74;1.03;0;94;7;0;0.0;1015;10000;2.0
2020/04/05 15:11:59;-0.75;1.03;0;94;7;0;0.0;1015;10000;2.0
2020/04/05 15:15:15;-0.74;1.04;0;94;7;0;0.0;1015;10000;2.0
2020/04/05 15:18:09;-0.73;1.04;0;93;7;0;0.0;1015;10000;2.0
2020/04/05 15:21:57;-0.73;1.04;0;93;7;0;0.0;1015;10000;2.0
2020/04/05 15:26:05;-0.73;1.05;0;93;7;0;0.0;1015;10000;2.0
2020/04/05 15:28:13;-0.73;1.05;0;93;7;0;0.0;1015;10000;2.0
2020/04/05 15:32:11;-0.75;1.05;0;93;7;0;0.0;1015;10000;2.0
2020/04/05 15:34:58;-0.74;1.05;0;92;7;0;0.0;1015;10000;2.0
2020/04/05 15:38:18;-0.73;1.05;0;92;7;0;0.0;1015;10000;2.0
2020/04/05 15:42:21;-0.73;1.06;0;92;7;0;0.0;1015;10000;2.0
2020/04/05 15:46:24;-0.72;1.06;0;92;7;0;0.0;1015;10000;2.0
2020/04/05 15:48:21;-0.72;1.06;0;91;7;0;0.0;1015;10000;2.0
2020/04/05 15:52:21;-0.72;1.05;0;91;7;0;0.0;1015;10000;2.0
2020/04/05 15:55:04;-0.72;1.05;0;91;7;0;0.0;1015;10000;2.0
2020/04/05 15:58:33;-0.71;1.05;0;91;7;0;0.0;1015;10000;2.0
2020/04/05 16:02:30;-0.71;1.06;0;90;7;0;0.0;1015;10000;2.0
2020/04/05 16:05:08;-0.70;1.06;0;90;7;0;0.0;1015;10000;2.0
2020/04/05 16:09:53;-0.71;1.07;0;90;7;0;0.0;1015;10000;2.0
2020/04/05 16:12:33;-0.70;1.08;0;90;7;0;0.0;1015;10000;2.0
2020/04/05 16:16:26;-0.69;1.09;0;90;7;0;0.0;1015;10000;2.0
2020/04/05 16:26:26;-0.69;1.09;0;90;7;0;0.0;1015;10000;2.0
2020/04/05 16:29:22;-0.69;1.10;0;90;7;0;0.0;1015;10000;2.0
2020/04/05 16:32:00;-0.69;1.10;0;90;7;0;0.0;1015;10000;2.0
2020/04/05 16:35:42;-0.69;1.10;0;90;7;0;0.0;1015;10000;2.0
2020/04/05 16:38:51;-0.69;1.09;0;90;7;0;0.0;1015;10000;2.0
2020/04/05 16:42:08;-0.68;1.10;0;90;7;0;0.0;1015;10000;2.0
2020/04/05 16:45:27;-0.67;1.10;0;89;7;0;0.0;1015;10000;2.0
2020/04/05 16:49:09;-0.67;1.10;0;89;7;0;0.0;1015;10000;2.0
2020/04/05 16:52:49;-0.67;1.11;0;89;7;0;0.0;1015;10000;2.0
2020/04/05 16:56:05;-0.67;1.11;0;89;7;0;0.0;1015;10000;2.0
2020/04/05 16:59:13;-0.67;1.10;0;89;7;0;0.0;1015;10000;2.0
2020/04/05 17:02:14;-0.67;1.11;0;89;7;0;0.0;1015;10000;2.0
2020/04/05 17:05:50;-0.67;1.11;0;89;7;0;0.0;1015;10000;2.0
2020/04/05 17:09:07;-0.67;1.11;0;89;7;0;0.0;1015;10000;2.0
2020/04/05 17:12:33;-0.66;1.11;0;89;7;0;0.0;1015;10000;2.0
2020/04/05 17:22:23;-0.66;1.11;0;89;7;0;0.0;1015;10000;2.0
2020/04/05 17:27:36;-0.65;1.12;0;89;7;0;0.0;1015;10000;2.0
2020/04/05 17:29:10;-0.65;1.12;0;88;7;0;0.0;1015;10000;2.0
2020/04/05 17:36:24;-0.65;1.12;0;88;7;0;0.0;1015;10000;2.0
2020/04/05 17:42:36;-0.65;1.12;0;88;7;0;0.0;1015;10000;2.0
2020/04/05 17:52:42;-0.64;1.11;0;88;7;0;0.0;1015;10000;2.0
2020/04/05 17:56:12;-0.64;1.12;0;88;7;0;0.0;1015;10000;2.0
2020/04/05 18:00:42;-0.64;1.13;0;88;7;0;0.0;1015;10000;2.0
2020/04/05 18:09:33;-0.63;1.14;0;88;7;0;0.0;1015;10000;2.0
2020/04/05 18:12:38;-0.62;1.13;0;88;7;0;0.0;1015;10000;2.0
2020/04/05 18:16:17;-0.62;1.13;0;88;7;0;0.0;1015;10000;2.0
2020/04/05 18:19:57;-0.63;1.12;0;87;7;0;0.0;1015;10000;2.0
2020/04/05 18:22:46;-0.62;1.13;0;87;7;0;0.0;1015;10000;2.0
2020/04/05 18:26:39;-0.62;1.12;0;87;7;0;0.0;1015;10000;2.0
2020/04/05 18:30:27;-0.62;1.13;0;87;7;0;0.0;1015;10000;2.0
2020/04/05 18:41:05;-0.61;1.14;0;87;7;0;0.0;1015;10000;2.0
2020/04/05 18:50:00;-0.62;1.15;0;87;7;0;0.0;1015;10000;2.0
2020/04/05 18:56:11;-0.61;1.15;0;87;7;0;0.0;1015;10000;2.0
2020/04/05 19:00:31;-0.61;1.14;0;87;7;0;0.0;1015;10000;2.0
2020/04/05 19:03:39;-0.61;1.15;0;87;7;0;0.0;1015;10000;2.0
2020/04/05 19:06:59;-0.62;1.14;0;86;7;0;0.0;1015;10000;2.0
2020/04/05 19:09:37;-0.60;1.14;0;86;7;0;0.0;1015;10000;2.0
2020/04/05 19:13:55;-0.62;1.15;0;86;7;0;0.0;1015;10000;2.0
2020/04/05 19:16:36;-0.62;1.15;0;86;7;0;0.0;1015;10000;2.0
2020/04/05 19:20:00;-0.62;1.15;0;86;7;0;0.0;1015;10000;2.0
2020/04/05 19:23:22;-0.61;1.15;0;86;7;0;0.0;1016;10000;2.0
2020/04/05 19:27:28;-0.61;1.15;0;86;7;0;0.0;1016;10000;2.0
2020/04/05 19:29:46;-0.61;1.15;0;86;7;0;0.0;1016;10000;2.0
2020/04/05 19:33:43;-0.61;1.15;0;86;7;0;0.0;1016;10000;2.0
2020/04/05 19:36:46;-0.61;1.15;0;86;7;0;0.0;1016;10000;2.0
2020/04/05 19:39:50;-0.61;1.16;0;86;7;0;0.0;1016;10000;2.0
2020/04/05 19:44:00;-0.61;1.16;0;86;7;0;0.0;1016;10000;2.0
2020/04/05 19:46:32;-0.62;1.15;0;86;7;0;0.0;1016;10000;2.0
2020/04/05 19:50:10;-0.62;1.15;0;86;7;0;0.0;1016;10000;2.0
2020/04/05 19:57:33;-0.61;1.16;0;86;7;0;0.0;1016;10000;2.0
2020/04/05 20:04:00;-0.61;1.16;0;86;7;0;0.0;1016;10000;2.0
2020/04/05 20:06:40;-0.61;1.16;0;86;7;0;0.0;1016;10000;2.0
2020/04/05 20:10:29;-0.61;1.16;0;85;7;0;0.0;1016;10000;2.0
2020/04/05 20:14:43;-0.64;1.13;0;85;7;0;0.0;1016;10000;2.0
2020/04/05 20:20:05;-0.62;1.15;0;84;7;0;0.0;1016;10000;2.0
2020/04/05 20:27:38;-0.61;1.16;0;84;7;0;0.0;1016;10000;2.0
2020/04/05 20:31:48;-0.60;1.17;0;84;7;0;0.0;1016;10000;2.0
2020/04/05 20:38:03;-0.60;1.17;0;84;7;0;0.0;1016;10000;2.0
2020/04/05 20:44:42;-0.60;1.17;0;84;7;0;0.0;1016;10000;2.0
2020/04/05 20:46:58;-0.61;1.17;0;84;7;0;0.0;1016;10000;2.0
2020/04/05 21:00:40;-0.60;1.18;0;84;7;0;0.0;1016;10000;2.0
2020/04/05 21:11:16;-0.59;1.18;0;84;7;0;0.0;1016;30000;1.0
2020/04/05 21:25:43;-0.59;1.18;0;84;7;0;0.0;1017;30000;1.0
2020/04/05 21:33:53;-0.59;1.18;0;84;7;0;0.0;1017;30000;1.0
2020/04/05 21:45:37;-0.58;1.19;0;83;7;0;0.0;1017;30000;1.0
2020/04/05 21:57:25;-0.58;1.19;0;83;7;0;0.0;1017;30000;1.0
2020/04/05 22:38:03;-0.59;1.20;0;83;7;0;0.0;1017;30000;1.0
2020/04/05 22:57:43;-0.58;1.20;0;82;7;0;0.0;1017;30000;1.0
2020/04/05 23:24:33;-0.57;1.21;0;82;7;0;0.0;1017;30000;1.0
2020/04/05 23:38:03;-0.56;1.22;0;82;7;0;0.0;1017;30000;1.0
2020/04/05 23:55:41;-0.56;1.22;0;81;7;0;0.0;1017;30000;1.0
2020/04/06 00:08:33;-0.56;1.22;0;81;7;0;0.0;1017;30000;1.0
2020/04/06 00:18:42;-0.56;1.22;0;81;7;0;0.0;1017;30000;1.0
2020/04/06 00:29:39;-0.55;1.22;0;80;7;0;0.0;1017;30000;1.0
2020/04/06 00:39:47;-0.55;1.22;0;80;7;0;0.0;1017;30000;1.0
2020/04/06 00:48:23;-0.55;1.22;0;80;7;0;0.0;1017;30000;1.0
2020/04/06 00:58:33;-0.55;1.24;0;80;7;0;0.0;1017;30000;1.0
2020/04/06 01:12:46;-0.55;1.24;0;80;7;0;0.0;1017;30000;1.0
2020/04/06 01:35:15;-0.55;1.23;0;80;7;0;0.0;1017;30000;1.0
2020/04/06 01:47:28;-0.55;1.24;0;80;7;0;0.0;1017;30000;1.0
2020/04/06 01:56:44;-0.54;1.24;0;79;7;0;0.0;1017;30000;1.0
2020/04/06 02:19:54;-0.54;1.25;0;79;7;0;0.0;1017;30000;1.0
2020/04/06 02:35:59;-0.53;1.25;0;79;7;0;0.0;1017;30000;1.0
2020/04/06 02:46:07;-0.53;1.26;0;79;7;0;0.0;1017;30000;1.0
2020/04/06 03:00:47;-0.53;1.25;0;78;7;0;0.0;1017;30000;1.0
2020/04/06 03:12:49;-0.54;1.25;0;78;7;0;0.0;1017;30000;1.0
2020/04/06 03:21:04;-0.54;1.25;0;78;7;0;0.0;1017;30000;1.0
2020/04/06 03:30:44;-0.54;1.25;0;78;7;0;0.0;1017;30000;1.0
2020/04/06 03:41:24;-0.54;1.25;0;78;7;0;0.0;1017;30000;1.0
2020/04/06 03:51:14;-0.54;1.25;0;78;7;0;0.0;1017;30000;1.0
2020/04/06 04:01:33;-0.54;1.25;0;78;7;0;0.0;1017;30000;1.0
2020/04/06 04:10:58;-0.54;1.25;0;77;7;0;0.0;1017;30000;1.0
2020/04/06 04:21:46;-0.53;1.25;0;77;7;0;0.0;1017;30000;1.0
2020/04/06 04:33:04;-0.53;1.26;0;77;7;0;0.0;1017;30000;1.0
2020/04/06 04:42:26;-0.53;1.26;0;77;7;0;0.0;1017;30000;1.0
2020/04/06 04:51:28;-0.53;1.27;0;77;7;0;0.0;1017;30000;1.0
2020/04/06 05:15:48;-0.54;1.26;0;77;7;0;0.0;1017;30000;1.0
2020/04/06 05:29:27;-0.53;1.26;0;76;7;0;0.0;1017;30000;1.0
2020/04/06 05:49:24;-0.52;1.26;0;76;7;0;0.0;1017;30000;1.0
2020/04/06 05:59:26;-0.52;1.26;0;76;7;0;0.0;1017;30000;1.0
2020/04/06 06:12:49;-0.52;1.27;0;76;7;0;0.0;1017;30000;1.0
2020/04/06 06:26:13;-0.52;1.27;0;75;7;0;0.0;1017;30000;1.0
2020/04/06 06:36:20;-0.53;1.27;0;75;7;0;0.0;1017;30000;1.0
2020/04/06 06:45:37;-0.52;1.27;0;75;7;0;0.0;1017;30000;1.0
2020/04/06 06:56:43;-0.52;1.27;0;75;7;0;0.0;1017;30000;1.0
2020/04/06 07:06:27;-0.52;1.28;0;75;7;0;0.0;1017;30000;1.0
2020/04/06 07:16:18;-0.52;1.27;0;74;7;0;0.0;1017;30000;1.0
2020/04/06 07:26:15;-0.52;1.27;0;74;7;0;0.0;1017;30000;1.0
2020/04/06 07:36:57;-0.52;1.26;0;74;7;0;0.0;1017;30000;1.0
2020/04/06 07:46:12;-0.52;1.26;0;74;7;0;0.0;1017;30000;1.0
2020/04/06 07:56:55;-0.51;1.26;0;73;7;0;0.0;1017;30000;1.0
2020/04/06 08:18:57;-0.52;1.25;0;73;7;0;0.0;1017;30000;1.0
2020/04/06 08:26:37;-0.54;1.23;0;71;7;0;0.0;1017;30000;1.0
2020/04/06 08:36:43;-0.56;1.23;0;69;7;0;0.0;1017;30000;1.0
2020/04/06 08:46:38;-0.56;1.22;0;68;7;0;0.0;1017;30000;1.0
2020/04/06 08:56:43;-0.56;1.22;0;68;7;0;0.0;1017;30000;1.0
2020/04/06 09:07:11;-0.56;1.22;0;68;7;0;0.0;1017;30000;0.8
2020/04/06 09:27:30;-0.63;1.16;0;70;7;0;0.0;1017;30000;0.8
2020/04/06 09:37:13;-0.68;1.12;0;77;7;0;0.0;1017;30000;0.8
2020/04/06 09:47:02;-0.71;1.10;0;82;7;0;0.0;1017;30000;0.8
2020/04/06 09:57:57;-0.70;1.10;0;88;7;0;0.0;1017;30000;0.8
2020/04/06 10:08:21;-0.73;1.07;0;92;7;0;0.0;1017;30000;0.8
2020/04/06 10:17:31;-0.76;1.04;0;97;7;0;0.0;1017;30000;0.8
2020/04/06 10:27:18;-0.78;1.03;0;100;7;0;0.0;1017;30000;0.8
2020/04/06 10:37:22;-0.81;1.02;0;100;7;0;0.0;1017;30000;0.8
2020/04/06 10:47:26;-0.88;0.99;0;100;7;0;0.0;1017;30000;0.8
2020/04/06 10:57:30;-0.90;0.99;0;100;7;0;0.0;1017;30000;0.8
2020/04/06 11:07:35;-0.89;1.01;0;100;7;0;0.0;1017;30000;0.8
2020/04/06 11:17:39;-0.97;0.95;0;100;7;0;0.0;1017;30000;0.8
2020/04/06 11:27:56;;;0;;;1;;;;
2020/04/06 11:37:48;-0.99;0.92;0;100;7;1;0.0;1017;30000;0.5
2020/04/06 11:41:52;;;0;;;1;;;;
2020/04/06 11:47:54;-1.02;0.89;0;100;7;1;0.0;1017;30000;0.5
2020/04/06 11:57:56;-1.01;0.87;0;100;7;0;0.0;1017;30000;0.5
2020/04/06 12:07:11;;;0;;;1;;;;
2020/04/06 12:08:14;-1.06;0.83;0;100;7;1;0.0;1017;30000;0.5
2020/04/06 12:18:23;-1.06;0.81;0;100;7;0;0.0;1017;30000;0.6
2020/04/06 12:28:08;-1.14;0.75;0;100;7;0;0.0;1017;30000;0.6
2020/04/06 12:38:13;-1.13;0.75;0;100;7;0;0.0;1017;30000;0.6
2020/04/06 12:48:18;-1.18;0.71;0;99;7;0;0.0;1017;30000;0.6
2020/04/06 13:05:04;;;0;;;1;;;;
2020/04/06 13:08:26;-1.00;0.81;0;100;7;1;0.0;1017;30000;0.6
2020/04/06 13:19:01;-0.89;0.89;0;99;7;0;0.0;1017;30000;0.6
2020/04/06 13:29:11;-0.86;0.91;0;99;7;0;0.0;1017;30000;0.7
2020/04/06 13:39:23;-0.84;0.93;0;98;7;0;0.0;1017;30000;0.7
2020/04/06 13:49:21;-0.81;0.94;0;98;7;0;0.0;1017;30000;0.7
2020/04/06 13:59:24;-0.81;0.95;0;98;7;0;0.0;1017;30000;0.7
2020/04/06 14:09:23;-0.81;0.96;0;98;7;0;0.0;1017;30000;0.7
2020/04/06 14:19:00;-0.80;0.96;0;97;7;0;0.0;1017;30000;0.7
2020/04/06 14:29:24;-0.80;0.97;0;97;7;0;0.0;1017;30000;0.7
2020/04/06 14:29:24;;;0;;;2;;;;
2020/04/06 14:39:03;-0.79;0.98;0;96;7;2;0.0;1017;30000;0.7
2020/04/06 14:49:23;-0.79;0.98;0;96;7;0;0.0;1017;30000;0.7
2020/04/06 14:59:23;-0.78;0.99;0;96;7;0;0.0;1017;30000;0.7
2020/04/06 15:19:23;-0.78;1.00;0;95;7;0;0.0;1017;30000;0.7
2020/04/06 15:29:41;-0.78;1.01;0;94;7;0;0.0;1017;30000;0.8
2020/04/06 15:39:31;-0.77;1.01;0;94;7;0;0.0;1017;30000;0.8
2020/04/06 15:49:36;-0.77;1.02;0;94;7;0;0.0;1017;30000;0.8
2020/04/06 15:59:39;-0.77;1.02;0;93;7;0;0.0;1017;30000;0.8
2020/04/06 16:10:22;-0.74;1.04;0;93;7;0;0.0;1017;30000;0.8
2020/04/06 16:20:26;-0.73;1.05;0;93;7;0;0.0;1017;30000;0.8
2020/04/06 16:34:51;-0.72;1.06;0;92;7;0;0.0;1017;30000;0.8
2020/04/06 16:53:56;-0.70;1.06;0;92;7;0;0.0;1017;30000;0.8
2020/04/06 17:04:22;-0.70;1.06;0;92;7;0;0.0;1017;30000;0.8
2020/04/06 17:16:47;-0.70;1.06;0;92;7;0;0.0;1017;30000;0.8
2020/04/06 17:27:04;-0.69;1.07;0;91;7;0;0.0;1017;30000;0.8
2020/04/06 17:37:28;-0.69;1.08;0;91;7;0;0.0;1017;30000;0.8
2020/04/06 17:47:14;-0.68;1.08;0;91;7;0;0.0;1017;30000;0.8
2020/04/06 17:57:06;-0.68;1.08;0;91;7;0;0.0;1017;30000;0.8
2020/04/06 18:08:33;-0.68;1.08;0;90;7;0;0.0;1017;30000;0.8
2020/04/06 18:28:09;-0.67;1.09;0;90;7;0;0.0;1017;30000;0.8
2020/04/06 18:38:03;-0.67;1.10;0;90;7;0;0.0;1017;30000;0.8
2020/04/06 18:47:52;-0.67;1.10;0;90;7;0;0.0;1017;30000;0.8
2020/04/06 18:57:59;-0.66;1.10;0;90;7;0;0.0;1017;30000;0.8
2020/04/06 19:11:48;-0.67;1.11;0;89;7;0;0.0;1017;30000;0.8
2020/04/06 19:20:56;-0.67;1.12;0;89;7;0;0.0;1017;30000;0.8
2020/04/06 19:31:07;-0.67;1.12;0;89;7;0;0.0;1017;30000;0.8
2020/04/06 19:41:41;-0.66;1.12;0;89;7;0;0.0;1017;30000;0.8
2020/04/06 19:52:48;-0.65;1.12;0;88;7;0;0.0;1018;30000;0.8
2020/04/06 20:04:56;-0.65;1.12;0;88;7;0;0.0;1019;30000;0.8
2020/04/06 20:16:51;-0.64;1.13;0;88;7;0;0.0;1019;30000;0.8
2020/04/06 20:26:48;-0.65;1.13;0;87;7;0;0.0;1019;30000;0.8
2020/04/06 20:35:40;-0.63;1.13;0;87;7;0;0.0;1019;30000;0.8
2020/04/06 20:44:55;-0.62;1.13;0;87;7;0;0.0;1019;30000;0.8
2020/04/06 20:58:15;-0.63;1.14;0;87;7;0;0.0;1020;30000;0.8
2020/04/06 21:09:17;-0.62;1.14;0;87;7;0;0.0;1020;30000;0.8
2020/04/06 21:19:25;-0.63;1.14;0;87;7;0;0.0;1020;30000;0.8
2020/04/06 21:28:25;-0.62;1.14;0;86;7;0;0.0;1020;30000;0.8
2020/04/06 21:38:55;-0.62;1.14;0;86;7;0;0.0;1020;30000;0.8
2020/04/06 22:03:54;-0.61;1.15;0;86;7;0;0.0;1020;30000;0.8
2020/04/06 22:13:09;-0.60;1.16;0;85;7;0;0.0;1020;30000;0.8
2020/04/06 22:23:58;-0.60;1.16;0;85;7;0;0.0;1020;30000;0.8
2020/04/06 22:39:04;-0.60;1.17;0;85;7;0;0.0;1020;30000;0.8
2020/04/06 22:50:12;-0.60;1.18;0;85;7;0;0.0;1020;30000;0.8
2020/04/06 23:06:41;-0.59;1.18;0;84;7;0;0.0;1020;30000;0.8
2020/04/06 23:29:38;-0.58;1.18;0;84;7;0;0.0;1020;30000;0.8
2020/04/06 23:40:40;-0.58;1.18;0;84;7;0;0.0;1020;30000;0.8
2020/04/07 00:03:07;-0.57;1.18;0;83;7;0;0.0;1020;30000;0.8
2020/04/07 00:12:57;-0.57;1.20;0;83;7;0;0.0;1021;30000;0.8
2020/04/07 00:23:33;-0.59;1.18;0;82;7;0;0.0;1021;30000;0.8
2020/04/07 00:33:06;-0.57;1.20;0;82;7;0;0.0;1021;30000;0.8
2020/04/07 00:50:11;-0.56;1.21;0;82;7;0;0.0;1021;30000;0.8
2020/04/07 01:00:57;-0.56;1.21;0;82;7;0;0.0;1021;30000;0.8
2020/04/07 01:16:58;-0.55;1.22;0;81;7;0;0.0;1021;30000;0.8
2020/04/07 01:27:39;-0.55;1.22;0;81;7;0;0.0;1021;30000;0.8
2020/04/07 01:43:03;-0.54;1.22;0;81;7;0;0.0;1021;30000;0.8
2020/04/07 01:53:16;-0.53;1.22;0;81;7;0;0.0;1021;30000;0.8
2020/04/07 02:03:15;-0.53;1.22;0;80;7;0;0.0;1021;30000;0.8
2020/04/07 02:13:25;-0.54;1.23;0;80;7;0;0.0;1021;30000;0.8
2020/04/07 02:23:23;-0.54;1.24;0;80;7;0;0.0;1021;30000;0.8
2020/04/07 02:35:01;-0.54;1.24;0;80;7;0;0.0;1021;30000;0.8
2020/04/07 02:43:31;-0.53;1.25;0;80;7;0;0.0;1021;30000;0.8
2020/04/07 02:54:32;-0.54;1.25;0;80;7;0;0.0;1021;30000;0.8
2020/04/07 03:13:52;-0.54;1.26;0;79;7;0;0.0;1021;30000;0.8
2020/04/07 03:40:35;-0.54;1.27;0;79;7;0;0.0;1021;30000;0.8
2020/04/07 03:57:25;-0.53;1.27;0;78;7;0;0.0;1021;30000;0.8
2020/04/07 04:11:07;-0.52;1.27;0;78;7;0;0.0;1021;30000;0.8
2020/04/07 04:28:27;-0.52;1.27;0;78;7;0;0.0;1021;30000;0.8
2020/04/07 04:38:03;-0.52;1.28;0;78;7;0;0.0;1021;30000;0.8
2020/04/07 04:49:33;-0.52;1.28;0;78;7;0;0.0;1021;30000;0.8
2020/04/07 05:01:04;-0.51;1.28;0;77;7;0;0.0;1021;30000;0.8
2020/04/07 05:17:25;-0.51;1.28;0;77;7;0;0.0;1021;30000;0.8
2020/04/07 05:45:20;-0.54;1.29;0;77;7;0;0.0;1021;30000;0.8
2020/04/07 05:58:30;-0.52;1.30;0;77;7;0;0.0;1021;30000;0.8
2020/04/07 06:18:42;-0.51;1.29;0;76;7;0;0.0;1021;30000;0.8
2020/04/07 06:35:35;-0.51;1.29;0;75;7;0;0.0;1021;30000;0.8
2020/04/07 06:46:16;-0.50;1.29;0;75;7;0;0.0;1021;30000;0.8
2020/04/07 06:57:18;-0.50;1.30;0;75;7;0;0.0;1021;30000;0.8
2020/04/07 07:08:34;-0.50;1.30;0;75;7;0;0.0;1021;30000;0.8
2020/04/07 07:19:23;-0.50;1.30;0;74;7;0;0.0;1021;30000;0.8
2020/04/07 07:29:02;-0.49;1.30;0;74;7;0;0.0;1022;30000;0.8
2020/04/07 07:40:28;-0.50;1.29;0;74;7;0;0.0;1022;30000;0.8
2020/04/07 07:50:14;-0.50;1.30;0;74;7;0;0.0;1022;30000;0.8
2020/04/07 08:06:20;-0.50;1.30;0;73;7;0;0.0;1022;30000;0.8
2020/04/07 08:16:02;-0.50;1.29;0;73;7;0;0.0;1022;30000;0.8
2020/04/07 08:29:32;-0.50;1.29;0;73;7;0;0.0;1022;30000;0.8
2020/04/07 08:39:16;-0.55;1.26;0;70;7;0;0.0;1022;30000;0.8
2020/04/07 08:49:31;-0.54;1.26;0;68;7;0;0.0;1022;30000;0.8
2020/04/07 08:59:27;-0.55;1.25;0;68;7;0;0.0;1022;30000;0.8
2020/04/07 09:09:24;-0.54;1.25;0;68;7;0;0.0;1022;30000;0.8
2020/04/07 09:19:39;-0.56;1.23;0;68;7;0;0.0;1022;30000;0.8
2020/04/07 09:29:55;-0.62;1.17;0;71;7;0;0.0;1022;30000;0.8
2020/04/07 09:39:57;-0.67;1.14;0;79;7;0;0.0;1022;30000;0.8
2020/04/07 09:50:37;-0.70;1.12;0;86;7;0;0.0;1022;30000;0.8
2020/04/07 09:59:47;-0.72;1.11;0;91;7;0;0.0;1022;30000;0.8
2020/04/07 10:19:53;-0.78;1.06;0;99;7;0;0.0;1022;30000;0.8
2020/04/07 10:29:57;-0.81;1.03;0;100;7;0;0.0;1022;30000;0.8
2020/04/07 10:40:01;-0.86;1.00;0;100;7;0;0.0;1021;30000;0.8
2020/04/07 10:50:06;-0.94;0.96;0;100;7;0;0.0;1021;30000;0.8
2020/04/07 11:00:09;-0.93;0.98;0;100;7;0;0.0;1021;30000;0.8
2020/04/07 11:10:15;-0.99;0.94;0;99;7;0;0.0;1021;30000;0.8
2020/04/07 11:20:18;-1.01;0.90;0;100;7;0;0.0;1021;30000;0.8
2020/04/07 11:30:23;-1.07;0.85;0;100;7;0;0.0;1021;30000;0.8
2020/04/07 11:40:27;-1.12;0.81;0;100;7;0;0.0;1021;30000;0.8
2020/04/07 11:50:32;-1.13;0.77;0;99;7;0;0.0;1021;30000;0.8
2020/04/07 12:00:36;-1.12;0.76;0;99;7;0;0.0;1021;30000;0.8
2020/04/07 12:10:40;-1.14;0.73;0;100;7;0;0.0;1021;30000;0.8
2020/04/07 12:20:59;-1.19;0.68;0;99;7;0;0.0;1021;30000;0.8
2020/04/07 12:30:48;-1.22;0.65;0;99;7;0;0.0;1020;30000;0.8
2020/04/07 12:40:52;-1.23;0.62;0;99;7;0;0.0;1021;30000;0.8
2020/04/07 12:50:57;-1.18;0.66;0;99;7;0;0.0;1021;30000;0.8
2020/04/07 13:11:43;-0.93;0.81;0;99;7;0;0.0;1021;30000;0.8
2020/04/07 13:21:51;-0.87;0.86;0;99;7;0;0.0;1021;30000;0.8
2020/04/07 13:31:19;-0.86;0.89;0;98;7;0;0.0;1021;30000;0.8
2020/04/07 13:42:07;-0.85;0.91;0;98;7;0;0.0;1020;30000;0.8
2020/04/07 13:52:14;-0.84;0.91;0;97;7;0;0.0;1020;30000;0.8
2020/04/07 14:01:50;-0.83;0.90;0;97;7;0;0.0;1020;30000;0.8
2020/04/07 14:12:30;-0.85;0.91;0;96;7;0;0.0;1020;30000;0.8
2020/04/07 14:22:10;-0.81;0.94;0;96;7;0;0.0;1020;30000;0.8
2020/04/07 14:31:40;-0.80;0.94;0;95;7;0;0.0;1020;30000;0.8
2020/04/07 14:41:45;-0.79;0.95;0;95;7;0;0.0;1020;30000;0.8
2020/04/07 14:53:00;-0.79;0.96;0;95;7;0;0.0;1020;30000;0.8
2020/04/07 15:02:29;-0.78;0.97;0;94;7;0;0.0;1020;30000;0.8
2020/04/07 15:13:16;-0.80;0.98;0;94;7;0;0.0;1020;30000;0.8
2020/04/07 15:22:12;-0.80;0.97;0;93;7;0;0.0;1020;30000;0.8
2020/04/07 15:32:11;-0.79;0.98;0;93;7;0;0.0;1020;30000;0.8
2020/04/07 15:42:09;-0.79;0.99;0;92;7;0;0.0;1020;30000;0.8
2020/04/07 15:52:23;-0.78;1.00;0;91;7;0;0.0;1020;30000;0.8
2020/04/07 16:03:06;-0.75;1.02;0;91;7;0;0.0;1020;30000;0.8
2020/04/07 16:12:35;-0.74;1.02;0;91;7;0;0.0;1020;30000;0.8
2020/04/07 16:24:25;-0.73;1.02;0;91;7;0;0.0;1020;30000;0.8
2020/04/07 16:32:36;-0.71;1.03;0;91;7;0;0.0;1020;30000;0.8
2020/04/07 16:46:55;;;0;;;2;;;;
2020/04/07 16:53:43;-0.73;1.05;0;90;7;2;0.0;1020;30000;0.8
2020/04/07 17:03:09;-0.72;1.05;0;90;7;0;0.0;1020;30000;0.8
2020/04/07 17:12:59;-0.72;1.05;0;90;7;0;0.0;1020;30000;0.8
2020/04/07 17:23:29;-0.71;1.06;0;89;7;0;0.0;1020;30000;0.8
2020/04/07 17:33:40;-0.71;1.07;0;89;7;0;0.0;1020;30000;0.8
2020/04/07 17:43:21;-0.72;1.06;0;89;7;0;0.0;1020;30000;0.8
2020/04/07 17:53:30;-0.71;1.07;0;89;7;0;0.0;1020;30000;0.8
2020/04/07 18:04:11;-0.70;1.07;0;89;7;0;0.0;1020;30000;0.8
2020/04/07 18:17:24;-0.70;1.08;0;88;7;0;0.0;1020;30000;0.8
2020/04/07 18:27:11;-0.69;1.08;0;88;7;0;0.0;1020;30000;0.8
2020/04/07 18:36:49;-0.69;1.09;0;88;7;0;0.0;1020;30000;0.8
2020/04/07 18:46:55;-0.69;1.10;0;88;7;0;0.0;1020;30000;0.8
2020/04/07 18:57:08;-0.69;1.10;0;88;7;0;0.0;1020;30000;0.8
2020/04/07 19:07:24;-0.68;1.10;0;87;7;0;0.0;1020;30000;0.8
2020/04/07 19:17:34;-0.68;1.09;0;87;7;0;0.0;1020;30000;0.8
2020/04/07 19:27:55;-0.68;1.10;0;87;7;0;0.0;1020;30000;0.8
2020/04/07 20:14:22;-0.66;1.13;0;85;7;0;0.0;1020;30000;0.8
2020/04/07 20:24:32;-0.65;1.13;0;85;7;0;0.0;1020;30000;0.8
2020/04/07 20:54:34;-0.65;1.13;0;84;7;0;0.0;1020;30000;0.8
2020/04/07 21:05:38;-0.65;1.14;0;84;7;0;0.0;1020;30000;0.8
2020/04/07 21:14:40;-0.65;1.15;0;84;7;0;0.0;1020;30000;0.8
2020/04/07 21:26:31;-0.64;1.15;0;84;7;0;0.0;1020;30000;0.8
2020/04/07 21:35:10;-0.64;1.15;0;83;7;0;0.0;1020;30000;0.8
2020/04/07 21:46:25;-0.64;1.15;0;83;7;0;0.0;1020;30000;0.8
2020/04/07 21:58:22;-0.64;1.16;0;83;7;0;0.0;1020;30000;0.8
2020/04/07 22:11:07;-0.64;1.17;0;83;7;0;0.0;1020;30000;0.8
2020/04/07 22:18:57;-0.63;1.17;0;83;7;0;0.0;1020;30000;0.8
2020/04/07 22:28:51;-0.63;1.18;0;82;7;0;0.0;1020;30000;0.8
2020/04/07 22:38:57;-0.63;1.18;0;82;7;0;0.0;1020;30000;0.8
2020/04/07 22:48:55;-0.62;1.18;0;82;7;0;0.0;1020;30000;0.8
2020/04/07 22:58:57;-0.61;1.19;0;82;7;0;0.0;1020;30000;0.8
2020/04/07 23:12:25;-0.61;1.19;0;82;7;0;0.0;1020;30000;0.8
2020/04/07 23:22:22;-0.60;1.20;0;81;7;0;0.0;1020;30000;0.8
2020/04/07 23:32:31;-0.60;1.20;0;81;7;0;0.0;1020;30000;0.8
2020/04/07 23:46:15;-0.60;1.20;0;81;7;0;0.0;1020;30000;0.8
2020/04/07 23:59:12;-0.60;1.20;0;80;7;0;0.0;1020;30000;0.8
2020/04/08 00:11:41;-0.60;1.19;0;80;7;0;0.0;1020;30000;0.8
2020/04/08 00:19:34;-0.58;1.20;0;80;7;0;0.0;1020;30000;0.8
2020/04/08 00:34:13;-0.58;1.21;0;80;7;0;0.0;1020;30000;0.8
2020/04/08 00:47:36;-0.58;1.21;0;80;7;0;0.0;1020;30000;0.8
2020/04/08 00:57:00;-0.57;1.22;0;79;7;0;0.0;1020;30000;0.8
2020/04/08 01:16:45;-0.56;1.23;0;79;7;0;0.0;1020;30000;0.8
2020/04/08 01:58:40;-0.56;1.23;0;79;7;0;0.0;1020;30000;0.8
2020/04/08 02:09:59;-0.55;1.25;0;78;7;0;0.0;1020;30000;0.8
2020/04/08 02:32:13;-0.54;1.25;0;78;7;0;0.0;1020;30000;0.8
2020/04/08 02:44:03;-0.54;1.26;0;78;7;0;0.0;1020;30000;0.8
2020/04/08 03:21:51;-0.53;1.27;0;77;7;0;0.0;1020;30000;0.8
2020/04/08 03:30:35;-0.53;1.27;0;77;7;0;0.0;1020;30000;0.8
2020/04/08 04:02:03;-0.53;1.28;0;76;7;0;0.0;1020;30000;0.8
2020/04/08 04:41:18;-0.54;1.29;0;76;7;0;0.0;1020;30000;0.8
2020/04/08 04:59:05;-0.52;1.30;0;76;7;0;0.0;1020;30000;0.8
2020/04/08 05:15:24;-0.52;1.29;0;75;7;0;0.0;1020;30000;0.8
2020/04/08 05:35:36;-0.52;1.30;0;75;7;0;0.0;1020;30000;0.8
2020/04/08 05:45:05;-0.52;1.31;0;74;7;0;0.0;1020;30000;0.8
2020/04/08 06:05:20;-0.52;1.31;0;74;7;0;0.0;1020;30000;0.8
2020/04/08 06:16:53;-0.52;1.30;0;73;7;0;0.0;1020;30000;0.8
2020/04/08 06:26:08;-0.53;1.31;0;73;7;0;0.0;1020;30000;0.8
2020/04/08 06:35:08;-0.51;1.32;0;73;7;0;0.0;1020;30000;0.8
2020/04/08 06:45:13;-0.51;1.32;0;72;7;0;0.0;1020;30000;0.8
2020/04/08 07:14:09;-0.51;1.32;0;72;7;0;0.0;1020;30000;0.8
2020/04/08 07:23:34;-0.51;1.33;0;72;7;0;0.0;1020;30000;0.8
2020/04/08 07:32:10;-0.51;1.33;0;71;7;0;0.0;1020;30000;0.8
2020/04/08 07:42:42;-0.50;1.33;0;71;7;0;0.0;1020;30000;0.8
2020/04/08 07:52:54;-0.51;1.33;0;71;7;0;0.0;1020;30000;0.8
2020/04/08 07:59:51;;;0;;;2;;;;
2020/04/08 08:04:26;-0.52;1.32;0;71;7;2;0.0;1020;30000;0.8
2020/04/08 08:14:12;-0.51;1.32;0;71;7;0;0.0;1021;30000;0.8
2020/04/08 08:23:16;-0.52;1.32;0;70;7;0;0.0;1021;30000;0.8
2020/04/08 08:36:16;-0.53;1.30;0;68;7;0;0.0;1021;30000;0.8
2020/04/08 08:46:24;-0.56;1.28;0;67;7;0;0.0;1021;30000;0.8
2020/04/08 08:56:25;-0.55;1.27;0;66;7;0;0.0;1021;30000;0.8
2020/04/08 09:06:37;-0.56;1.28;0;66;7;0;0.0;1021;30000;0.8
2020/04/08 09:26:58;-0.62;1.19;0;68;7;0;0.0;1020;30000;0.8
2020/04/08 09:36:47;-0.67;1.15;0;76;7;0;0.0;1020;30000;0.8
2020/04/08 09:46:56;-0.71;1.12;0;82;7;0;0.0;1020;30000;0.8
2020/04/08 09:57:28;-0.74;1.11;0;88;7;0;0.0;1020;30000;0.8
2020/04/08 10:07:10;-0.77;1.09;0;92;7;0;0.0;1020;30000;0.8
2020/04/08 10:16:52;-0.80;1.06;0;97;7;0;0.0;1020;30000;0.8
2020/04/08 10:27:56;-0.83;1.04;0;100;7;0;0.0;1020;30000;0.8
2020/04/08 10:36:59;-0.88;1.01;0;100;7;0;0.0;1020;30000;0.8
2020/04/08 10:47:03;-0.93;0.97;0;100;7;0;0.0;1020;30000;0.8
2020/04/08 10:54:02;;;0;;;2;;;;
2020/04/08 10:58:08;-0.95;0.96;0;100;7;2;0.0;1020;30000;0.8
2020/04/08 11:07:11;-0.97;0.96;0;100;7;0;0.0;1019;30000;0.8
2020/04/08 11:17:16;-1.05;0.89;0;99;7;0;0.0;1019;30000;0.8
2020/04/08 11:27:20;-1.06;0.87;0;100;7;0;0.0;1019;30000;0.8
2020/04/08 11:37:25;-1.09;0.83;0;100;7;0;0.0;1019;30000;0.8
2020/04/08 11:47:28;-1.14;0.77;0;100;7;0;0.0;1019;30000;0.8
2020/04/08 11:57:33;-1.15;0.74;0;100;7;0;0.0;1019;30000;0.8
2020/04/08 12:07:37;-1.19;0.69;0;99;7;0;0.0;1019;30000;0.8
2020/04/08 12:17:41;-1.21;0.66;0;99;7;0;0.0;1018;30000;0.8
2020/04/08 12:27:46;-1.23;0.62;0;100;7;0;0.0;1018;30000;0.8
2020/04/08 12:37:49;-1.24;0.61;0;100;7;0;0.0;1018;30000;0.8
2020/04/08 12:47:53;-1.23;0.61;0;100;7;0;0.0;1018;30000;0.8
2020/04/08 12:58:02;-1.16;0.66;0;100;7;0;0.0;1018;30000;0.8
2020/04/08 13:08:19;-1.02;0.74;0;100;7;0;0.0;1018;30000;0.8
2020/04/08 13:18:26;-0.92;0.81;0;99;7;0;0.0;1018;30000;0.8
2020/04/08 13:28:20;-0.88;0.84;0;99;7;0;0.0;1018;30000;0.8
2020/04/08 13:48:50;-0.85;0.87;0;98;7;0;0.0;1018;30000;0.8
2020/04/08 13:58:57;-0.85;0.88;0;97;7;0;0.0;1018;30000;0.8
2020/04/08 14:08:28;-0.85;0.89;0;97;7;0;0.0;1017;30000;0.8
2020/04/08 14:18:38;-0.85;0.90;0;96;7;0;0.0;1017;30000;0.8
2020/04/08 14:29:18;-0.83;0.91;0;96;7;0;0.0;1017;30000;0.8
2020/04/08 14:39:22;-0.82;0.92;0;96;7;0;0.0;1017;30000;0.8
2020/04/08 14:48:56;-0.82;0.92;0;95;7;0;0.0;1017;30000;0.8
2020/04/08 15:08:54;-0.82;0.93;0;94;7;0;0.0;1017;30000;0.8
2020/04/08 15:19:23;-0.79;0.94;0;94;7;0;0.0;1017;30000;0.8
2020/04/08 15:29:21;-0.80;0.95;0;93;7;0;0.0;1017;30000;0.8
2020/04/08 15:39:16;-0.82;0.94;0;92;7;0;0.0;1016;30000;0.8
2020/04/08 15:49:53;-0.79;0.96;0;91;7;0;0.0;1016;30000;0.8
2020/04/08 15:59:22;-0.77;0.98;0;91;7;0;0.0;1016;30000;0.8
2020/04/08 16:09:25;-0.75;0.99;0;91;7;0;0.0;1016;30000;0.8
2020/04/08 16:33:43;-0.74;1.01;0;91;7;0;0.0;1016;30000;0.8
2020/04/08 16:44:23;-0.74;1.02;0;91;7;0;0.0;1016;30000;0.8
2020/04/08 16:53:24;-0.73;1.02;0;91;7;0;0.0;1016;30000;0.8
2020/04/08 17:03:43;-0.72;1.03;0;90;7;0;0.0;1016;30000;0.8
2020/04/08 17:13:26;-0.72;1.04;0;90;7;0;0.0;1016;30000;0.8
2020/04/08 17:36:23;-0.71;1.04;0;90;7;0;0.0;1016;30000;0.8
2020/04/08 17:58:50;-0.72;1.05;0;89;7;0;0.0;1016;30000;0.8
2020/04/08 18:06:46;-0.71;1.05;0;89;7;0;0.0;1016;30000;0.8
2020/04/08 18:36:57;-0.69;1.07;0;88;7;0;0.0;1016;30000;0.8
2020/04/08 18:47:11;-0.69;1.08;0;88;7;0;0.0;1016;30000;0.8
2020/04/08 18:58:04;-0.68;1.08;0;88;7;0;0.0;1016;30000;0.8
2020/04/08 19:12:39;-0.68;1.08;0;88;7;0;0.0;1016;30000;0.8
2020/04/08 19:24:55;-0.67;1.09;0;87;7;0;0.0;1016;30000;0.8
2020/04/08 19:37:30;-0.67;1.10;0;87;7;0;0.0;1016;30000;0.8
2020/04/08 19:51:00;-0.66;1.11;0;87;7;0;0.0;1016;30000;0.8
2020/04/08 20:01:28;-0.67;1.11;0;87;7;0;0.0;1016;30000;0.8
2020/04/08 20:10:48;-0.66;1.11;0;86;7;0;0.0;1016;30000;0.8
2020/04/08 20:21:59;-0.65;1.12;0;86;7;0;0.0;1017;30000;0.8
2020/04/08 20:32:59;-0.65;1.12;0;86;7;0;0.0;1017;30000;0.8
2020/04/08 20:42:34;-0.64;1.13;0;86;7;0;0.0;1017;30000;0.8
2020/04/08 20:51:34;-0.64;1.13;0;86;7;0;0.0;1017;30000;0.8
2020/04/08 21:02:22;-0.63;1.14;0;86;7;0;0.0;1017;30000;0.8
2020/04/08 21:14:33;-0.63;1.15;0;85;7;0;0.0;1017;30000;0.8
2020/04/08 21:24:44;-0.63;1.15;0;85;7;0;0.0;1017;30000;0.8
2020/04/08 21:54:49;-0.63;1.16;0;84;7;0;0.0;1017;30000;0.8
2020/04/08 22:12:37;-0.62;1.16;0;84;7;0;0.0;1017;30000;0.8
2020/04/08 22:29:16;-0.61;1.17;0;84;7;0;0.0;1017;30000;0.8
2020/04/08 22:55:14;-0.60;1.19;0;83;7;0;0.0;1018;30000;0.8
2020/04/08 23:15:12;-0.60;1.20;0;83;7;0;0.0;1018;30000;0.8
2020/04/08 23:39:19;-0.59;1.20;0;83;7;0;0.0;1018;30000;0.8
2020/04/08 23:48:34;-0.58;1.21;0;82;7;0;0.0;1018;30000;0.8
2020/04/08 23:59:23;-0.58;1.21;0;81;7;0;0.0;1018;30000;0.8
2020/04/09 00:09:09;-0.57;1.22;0;81;7;0;0.0;1018;30000;0.8
2020/04/09 00:29:38;-0.55;1.23;0;81;7;0;0.0;1018;30000;0.8
2020/04/09 00:45:56;-0.55;1.24;0;81;7;0;0.0;1018;30000;0.8
2020/04/09 00:58:55;-0.55;1.25;0;80;7;0;0.0;1018;30000;0.8
2020/04/09 01:39:04;-0.54;1.26;0;80;7;0;0.0;1018;30000;0.8
2020/04/09 01:55:45;-0.54;1.27;0;80;7;0;0.0;1018;30000;0.8
2020/04/09 02:32:51;-0.53;1.27;0;79;7;0;0.0;1017;30000;0.8
2020/04/09 02:46:55;-0.56;1.28;0;79;7;0;0.0;1017;30000;0.8
2020/04/09 03:10:08;-0.52;1.28;0;78;7;0;0.0;1017;30000;0.8
2020/04/09 03:35:25;-0.51;1.28;0;78;7;0;0.0;1017;30000;0.8
2020/04/09 03:49:56;-0.51;1.28;0;78;7;0;0.0;1017;30000;0.8
2020/04/09 04:16:57;-0.51;1.29;0;77;7;0;0.0;1017;30000;0.8
2020/04/09 04:30:18;-0.51;1.29;0;77;7;0;0.0;1017;30000;0.8
2020/04/09 04:47:24;-0.50;1.30;0;77;7;0;0.0;1017;30000;0.8
2020/04/09 05:04:05;-0.50;1.31;0;76;7;0;0.0;1017;30000;0.8
2020/04/09 05:42:43;-0.49;1.32;0;76;7;0;0.0;1017;30000;0.8
2020/04/09 05:59:24;-0.49;1.33;0;75;7;0;0.0;1017;30000;0.8
2020/04/09 06:08:03;-0.50;1.32;0;74;7;0;0.0;1017;30000;0.8
2020/04/09 06:30:53;-0.48;1.33;0;74;7;0;0.0;1017;30000;0.8
2020/04/09 06:51:35;-0.48;1.34;0;74;7;0;0.0;1017;30000;0.8
2020/04/09 07:04:32;-0.48;1.34;0;73;7;0;0.0;1017;30000;0.8
2020/04/09 07:14:49;-0.48;1.33;0;73;7;0;0.0;1017;30000;0.8
2020/04/09 07:24:32;-0.47;1.33;0;73;7;0;0.0;1017;30000;0.8
2020/04/09 08:01:44;-0.49;1.34;0;72;7;0;0.0;1017;30000;0.8
2020/04/09 08:03:58;;;0;;;2;;;;
2020/04/09 08:14:50;-0.48;1.34;0;72;7;2;0.0;1017;30000;0.8
2020/04/09 08:24:56;-0.49;1.33;0;70;7;0;0.0;1017;30000;0.8
2020/04/09 08:35:01;-0.52;1.30;0;68;7;2;0.0;1017;30000;0.8
2020/04/09 08:45:05;-0.52;1.29;0;67;7;0;0.0;1017;30000;0.8
2020/04/09 08:55:09;-0.53;1.28;0;66;7;0;0.0;1017;30000;0.8
2020/04/09 09:05:13;-0.52;1.29;0;66;7;0;0.0;1017;30000;0.8
2020/04/09 09:15:18;-0.54;1.26;0;66;7;0;0.0;1017;30000;0.8
2020/04/09 09:25:47;-0.59;1.21;0;68;7;0;0.0;1017;30000;0.8
2020/04/09 09:35:49;-0.66;1.17;0;75;7;0;0.0;1017;30000;0.8
2020/04/09 09:46:02;-0.67;1.16;0;82;7;0;0.0;1017;30000;0.8
2020/04/09 09:55:46;-0.70;1.14;0;88;7;0;0.0;1017;30000;0.8
2020/04/09 10:06:10;-0.72;1.13;0;92;7;0;0.0;1017;30000;0.8
2020/04/09 10:15:44;-0.75;1.12;0;96;7;0;0.0;1017;30000;0.8
2020/04/09 10:25:47;-0.83;1.07;0;98;7;0;0.0;1017;30000;0.8
2020/04/09 10:36:42;-0.82;1.07;0;100;7;0;0.0;1017;30000;0.8
2020/04/09 10:45:56;-0.85;1.04;0;100;7;0;0.0;1017;30000;0.8
2020/04/09 10:56:00;-0.91;1.01;0;100;7;0;0.0;1017;30000;0.8
2020/04/09 11:06:11;-0.93;1.00;0;100;7;0;0.0;1017;30000;0.8
2020/04/09 11:16:30;-0.95;0.98;0;100;7;0;0.0;1017;30000;0.8
2020/04/09 11:26:13;-0.94;0.97;0;100;7;0;0.0;1017;30000;0.8
2020/04/09 11:36:17;-1.07;0.88;0;100;7;0;0.0;1017;30000;0.8
2020/04/09 11:46:21;-1.11;0.85;0;99;7;0;0.0;1017;30000;0.8
2020/04/09 11:56:25;-1.12;0.83;0;99;7;0;0.0;1017;30000;0.8
2020/04/09 12:06:29;-1.13;0.82;0;100;7;0;0.0;1017;30000;0.8
2020/04/09 12:16:34;-1.18;0.76;0;100;7;0;0.0;1017;30000;0.8
2020/04/09 12:26:38;-1.20;0.72;0;100;7;0;0.0;1017;30000;0.8
2020/04/09 12:36:43;-1.21;0.70;0;100;7;0;0.0;1017;30000;0.8
2020/04/09 12:46:46;-1.20;0.68;0;100;7;0;0.0;1017;30000;0.8
2020/04/09 12:56:50;-1.16;0.69;0;100;7;0;0.0;1017;30000;0.8
2020/04/09 13:06:54;-1.01;0.78;0;99;7;0;0.0;1017;30000;0.8
2020/04/09 13:16:59;-0.92;0.84;0;99;7;0;0.0;1017;30000;0.8
2020/04/09 13:27:09;-0.89;0.87;0;99;7;0;0.0;1017;30000;0.8
2020/04/09 13:37:15;-0.86;0.90;0;98;7;0;0.0;1017;30000;0.8
2020/04/09 13:47:25;-0.84;0.91;0;98;7;0;0.0;1017;30000;0.8
2020/04/09 13:57:28;-0.82;0.92;0;98;7;0;0.0;1017;30000;0.8
2020/04/09 14:07:40;-0.82;0.92;0;97;7;0;0.0;1017;30000;0.8
2020/04/09 14:17:48;-0.82;0.92;0;97;7;0;0.0;1017;30000;0.8
2020/04/09 14:27:55;-0.82;0.93;0;97;7;0;0.0;1017;30000;0.8
2020/04/09 14:38:03;-0.81;0.94;0;96;7;0;0.0;1017;30000;0.8
2020/04/09 14:48:07;-0.81;0.94;0;96;7;0;0.0;1017;30000;0.8
2020/04/09 14:58:05;-0.81;0.94;0;95;7;0;0.0;1017;30000;0.8
2020/04/09 15:08:20;-0.81;0.95;0;95;7;0;0.0;1017;30000;0.8
2020/04/09 15:18:34;-0.79;0.96;0;95;7;0;0.0;1017;30000;0.8
2020/04/09 15:28:07;-0.80;0.97;0;94;7;0;0.0;1017;30000;0.8
2020/04/09 15:38:49;-0.79;0.97;0;94;7;0;0.0;1017;30000;0.8
2020/04/09 15:48:03;-0.80;0.97;0;93;7;0;0.0;1017;30000;0.8
2020/04/09 15:59:40;-0.79;0.98;0;93;7;0;0.0;1017;30000;0.8
2020/04/09 16:09:22;-0.77;1.00;0;92;7;0;0.0;1017;30000;0.8
2020/04/09 16:31:38;-0.74;1.01;0;92;7;0;0.0;1017;30000;0.8
2020/04/09 16:42:00;-0.74;1.02;0;92;7;0;0.0;1017;30000;0.8
2020/04/09 16:52:13;-0.74;1.02;0;92;7;0;0.0;1017;30000;0.8
2020/04/09 17:02:10;-0.74;1.01;0;91;7;0;0.0;1017;30000;0.8
2020/04/09 17:12:00;-0.73;1.03;0;91;7;0;0.0;1017;30000;0.8
2020/04/09 17:22:22;-0.72;1.03;0;91;7;0;0.0;1017;30000;0.8
2020/04/09 17:32:21;-0.73;1.04;0;91;7;0;0.0;1017;30000;0.8
2020/04/09 17:42:40;-0.74;1.03;0;90;7;0;0.0;1017;30000;0.8
2020/04/09 17:52:25;-0.74;1.03;0;89;7;0;0.0;1017;30000;0.8
2020/04/09 18:02:29;-0.74;1.03;0;88;7;0;0.0;1017;30000;0.8
2020/04/09 18:13:15;-0.74;1.04;0;87;7;0;0.0;1017;30000;0.8
2020/04/09 18:23:05;-0.74;1.04;0;87;7;0;0.0;1017;30000;0.8
2020/04/09 18:33:10;-0.71;1.05;0;87;7;0;0.0;1017;30000;0.8
2020/04/09 18:44:52;-0.68;1.07;0;87;7;0;0.0;1017;30000;0.8
2020/04/09 19:03:45;-0.70;1.07;0;86;7;0;0.0;1017;30000;0.8
2020/04/09 19:23:00;-0.69;1.08;0;86;7;0;0.0;1017;30000;0.8
2020/04/09 19:33:27;-0.69;1.08;0;86;7;0;0.0;1017;30000;0.8
2020/04/09 19:46:50;-0.68;1.09;0;86;7;0;0.0;1017;30000;0.8
2020/04/09 19:57:51;-0.68;1.10;0;86;7;0;0.0;1017;30000;0.8
2020/04/09 20:06:43;-0.68;1.10;0;85;7;0;0.0;1017;30000;0.8
2020/04/09 20:18:22;-0.69;1.10;0;85;7;0;0.0;1017;30000;0.8
2020/04/09 20:27:20;-0.67;1.12;0;85;7;0;0.0;1017;30000;0.8
2020/04/09 20:37:25;-0.67;1.12;0;84;7;0;0.0;1015;30000;0.8
2020/04/09 20:46:58;-0.66;1.12;0;84;7;0;0.0;1015;30000;0.8
2020/04/09 20:57:49;-0.65;1.13;0;84;7;0;0.0;1015;30000;0.8
2020/04/09 21:01:21;-0.65;1.13;0;84;7;0;0.0;1015;10000;0.8
2020/04/09 21:04:03;-0.64;1.14;0;84;7;0;0.0;1015;10000;0.8
2020/04/09 21:07:07;-0.64;1.14;0;84;7;0;0.0;1015;10000;0.8
2020/04/09 21:12:15;-0.65;1.14;0;84;7;0;0.0;1016;10000;0.8
2020/04/09 21:14:29;-0.65;1.14;0;84;7;0;0.0;1016;10000;0.8
2020/04/09 21:17:49;-0.64;1.15;0;84;7;0;0.0;1016;10000;0.8
2020/04/09 21:20:33;-0.64;1.15;0;84;7;0;0.0;1016;10000;0.8
2020/04/09 21:24:20;-0.64;1.15;0;84;7;0;0.0;1016;10000;0.8
2020/04/09 21:25:04;;;0;;;1;;;;
2020/04/09 21:27:20;-0.64;1.15;0;83;7;1;0.0;1016;10000;0.8
2020/04/09 21:30:55;-0.65;1.15;0;83;7;0;0.0;1016;10000;0.8
2020/04/09 21:34:08;-0.64;1.15;0;83;7;0;0.0;1016;10000;0.8
2020/04/09 21:37:31;-0.64;1.16;0;83;7;0;0.0;1016;10000;0.8
2020/04/09 21:40:57;-0.64;1.15;0;83;7;0;0.0;1016;10000;0.8
2020/04/09 21:44:48;-0.64;1.16;0;83;7;0;0.0;1016;10000;0.8
2020/04/09 21:48:04;-0.63;1.16;0;83;7;0;0.0;1016;10000;0.8
2020/04/09 21:51:50;-0.63;1.16;0;83;7;0;0.0;1016;10000;0.8
2020/04/09 21:54:58;-0.63;1.15;0;83;7;0;0.0;1016;10000;0.8
2020/04/09 21:59:20;-0.64;1.15;0;83;7;0;0.0;1016;10000;0.8
2020/04/09 22:01:09;-0.63;1.16;0;83;7;0;0.0;1016;10000;0.8
2020/04/09 22:04:22;-0.63;1.17;0;83;7;0;0.0;1016;10000;0.8
2020/04/09 22:12:05;-0.63;1.16;0;83;7;0;0.0;1016;10000;0.8
2020/04/09 22:15:08;-0.63;1.17;0;83;7;0;0.0;1016;10000;0.8
2020/04/09 22:22:51;-0.62;1.18;0;82;7;0;0.0;1016;10000;0.8
2020/04/09 22:24:22;-0.63;1.18;0;82;7;0;0.0;1016;10000;0.8
2020/04/09 22:27:57;-0.63;1.18;0;82;7;0;0.0;1016;10000;0.8
2020/04/09 22:31:19;-0.62;1.18;0;82;7;0;0.0;1016;10000;0.8
2020/04/09 22:36:20;-0.62;1.17;0;82;7;0;0.0;1016;10000;0.8
2020/04/09 22:38:08;-0.60;1.17;0;82;7;0;0.0;1016;10000;0.8
2020/04/09 22:41:10;-0.62;1.18;0;82;7;0;0.0;1016;10000;0.8
2020/04/09 22:44:31;-0.62;1.18;0;82;7;0;0.0;1016;10000;0.8
2020/04/09 22:47:57;-0.61;1.19;0;82;7;0;0.0;1016;10000;0.8
2020/04/09 22:51:18;-0.62;1.19;0;82;7;0;0.0;1016;10000;0.8
2020/04/09 22:58:07;-0.62;1.19;0;82;7;0;0.0;1016;10000;0.8
2020/04/09 23:02:38;-0.61;1.19;0;81;7;0;0.0;1016;10000;0.8
2020/04/09 23:06:01;-0.60;1.20;0;81;7;0;0.0;1017;10000;0.8
2020/04/09 23:08:17;-0.61;1.20;0;81;7;0;0.0;1017;10000;0.8
2020/04/09 23:15:14;-0.60;1.20;0;81;7;0;0.0;1017;10000;0.8
2020/04/09 23:18:47;-0.60;1.20;0;81;7;0;0.0;1017;10000;0.8
2020/04/09 23:25:26;-0.60;1.20;0;81;7;0;0.0;1017;10000;0.8
2020/04/09 23:29:26;-0.60;1.21;0;81;7;0;0.0;1017;10000;0.8
2020/04/09 23:31:56;-0.60;1.21;0;81;7;0;0.0;1017;10000;0.8
2020/04/09 23:35:23;-0.60;1.20;0;81;7;0;0.0;1017;10000;0.8
2020/04/09 23:40:04;-0.61;1.21;0;81;7;0;0.0;1017;10000;0.8
2020/04/09 23:42:18;-0.60;1.21;0;81;7;0;0.0;1017;10000;0.8
2020/04/09 23:45:47;-0.60;1.21;0;81;7;0;0.0;1017;10000;0.8
2020/04/09 23:49:14;-0.60;1.22;0;81;7;0;0.0;1017;10000;0.8
2020/04/09 23:52:05;-0.60;1.21;0;81;7;0;0.0;1017;10000;0.8
2020/04/09 23:56:32;-0.59;1.22;0;80;7;0;0.0;1017;10000;0.8
2020/04/09 23:58:54;-0.59;1.21;0;80;7;0;0.0;1017;10000;0.8
2020/04/10 00:02:13;-0.60;1.22;0;80;7;0;0.0;1017;10000;0.8
2020/04/10 00:05:57;-0.59;1.22;0;80;7;0;0.0;1017;10000;0.8
2020/04/10 00:09:28;-0.60;1.21;0;80;7;0;0.0;1017;10000;0.8
2020/04/10 00:13:10;-0.61;1.20;0;80;7;0;0.0;1017;10000;0.8
2020/04/10 00:15:44;-0.59;1.22;0;80;7;0;0.0;1017;10000;0.8
2020/04/10 00:20:19;-0.59;1.21;0;79;7;0;0.0;1017;10000;0.8
2020/04/10 00:22:24;-0.58;1.22;0;79;7;0;0.0;1017;10000;0.8
2020/04/10 00:26:52;-0.58;1.22;0;79;7;0;0.0;1017;10000;0.8
2020/04/10 00:29:12;-0.58;1.22;0;79;7;0;0.0;1017;10000;0.8
2020/04/10 00:32:25;-0.58;1.22;0;79;7;0;0.0;1017;10000;0.8
2020/04/10 00:36:16;-0.58;1.22;0;79;7;0;0.0;1017;10000;0.8
2020/04/10 00:39:29;-0.58;1.21;0;79;7;0;0.0;1017;10000;0.8
2020/04/10 00:42:30;-0.58;1.22;0;79;7;0;0.0;1017;10000;0.8
2020/04/10 00:46:31;-0.58;1.23;0;79;7;0;0.0;1017;10000;0.8
2020/04/10 00:51:12;-0.57;1.23;0;79;7;0;0.0;1017;10000;0.8
2020/04/10 00:52:38;-0.58;1.23;0;79;7;0;0.0;1017;10000;0.8
2020/04/10 00:56:09;-0.57;1.23;0;79;7;0;0.0;1017;10000;0.8
2020/04/10 00:59:23;-0.57;1.24;0;79;7;0;0.0;1017;10000;0.8
2020/04/10 01:03:30;-0.57;1.23;0;79;7;0;0.0;1017;10000;0.8
2020/04/10 01:06:21;-0.57;1.23;0;79;7;0;0.0;1017;10000;0.8
2020/04/10 01:12:49;-0.57;1.24;0;79;7;0;0.0;1017;10000;0.8
2020/04/10 01:17:30;-0.57;1.24;0;79;7;0;0.0;1017;10000;0.8
2020/04/10 01:19:50;-0.56;1.24;0;79;7;0;0.0;1017;10000;0.8
2020/04/10 01:22:54;-0.56;1.25;0;78;7;0;0.0;1017;10000;0.8
2020/04/10 01:26:18;-0.56;1.25;0;78;7;0;0.0;1017;10000;0.8
2020/04/10 01:30:15;-0.56;1.24;0;78;7;0;0.0;1017;10000;0.8
2020/04/10 01:33:04;-0.57;1.25;0;78;7;0;0.0;1017;10000;0.8
2020/04/10 01:40:02;-0.57;1.25;0;78;7;0;0.0;1017;10000;0.8
2020/04/10 01:44:48;-0.56;1.25;0;78;7;0;0.0;1017;10000;0.8
2020/04/10 01:46:52;-0.56;1.25;0;78;7;0;0.0;1017;10000;0.8
2020/04/10 01:50:32;-0.56;1.25;0;78;7;0;0.0;1017;10000;0.8
2020/04/10 01:54:10;-0.56;1.25;0;78;7;0;0.0;1017;10000;0.8
2020/04/10 01:56:50;-0.57;1.25;0;78;7;0;0.0;1017;10000;0.8
2020/04/10 02:00:16;-0.56;1.25;0;78;7;0;0.0;1017;10000;0.8
2020/04/10 02:06:42;-0.56;1.26;0;78;7;0;0.0;1017;10000;0.8
2020/04/10 02:11:23;-0.56;1.26;0;78;7;0;0.0;1017;10000;0.8
2020/04/10 02:13:44;-0.56;1.26;0;78;7;0;0.0;1017;10000;0.8
2020/04/10 02:18:26;-0.55;1.26;0;78;7;0;0.0;1017;10000;0.8
2020/04/10 02:20:47;-0.55;1.26;0;77;7;0;0.0;1017;10000;0.8
2020/04/10 02:25:29;-0.56;1.26;0;77;7;0;0.0;1017;10000;0.8
2020/04/10 02:27:49;-0.55;1.27;0;77;7;0;0.0;1017;10000;0.8
2020/04/10 02:30:10;-0.55;1.27;0;77;7;0;0.0;1017;10000;0.8
2020/04/10 02:34:51;-0.55;1.27;0;77;7;0;0.0;1017;10000;0.8
2020/04/10 02:37:12;-0.54;1.27;0;77;7;0;0.0;1017;10000;0.8
2020/04/10 02:41:44;-0.54;1.27;0;77;7;0;0.0;1017;10000;0.8
2020/04/10 02:44:30;-0.54;1.26;0;77;7;0;0.0;1017;10000;0.8
2020/04/10 02:47:23;-0.54;1.27;0;77;7;0;0.0;1017;10000;0.8
2020/04/10 02:52:05;-0.54;1.27;0;77;7;0;0.0;1017;10000;0.8
2020/04/10 02:54:25;-0.53;1.27;0;77;7;0;0.0;1017;10000;0.8
2020/04/10 03:00:24;-0.54;1.27;0;77;7;0;0.0;1017;10000;0.8
2020/04/10 03:03:48;-0.53;1.27;0;77;7;0;0.0;1017;10000;0.8
2020/04/10 03:08:27;-0.53;1.28;0;77;7;0;0.0;1017;10000;0.8
2020/04/10 03:10:51;-0.53;1.28;0;77;7;0;0.0;1017;10000;0.8
2020/04/10 03:15:09;-0.52;1.28;0;77;7;0;0.0;1017;10000;0.8
2020/04/10 03:17:43;-0.53;1.28;0;76;7;0;0.0;1017;10000;0.8
2020/04/10 03:21:06;-0.52;1.27;0;76;7;0;0.0;1017;10000;0.8
2020/04/10 03:28:09;-0.52;1.28;0;76;7;0;0.0;1017;10000;0.8
2020/04/10 03:32:50;-0.52;1.28;0;76;7;0;0.0;1017;10000;0.8
2020/04/10 03:35:11;-0.52;1.27;0;76;7;0;0.0;1017;10000;0.8
2020/04/10 03:37:51;-0.52;1.28;0;76;7;0;0.0;1017;10000;0.8
2020/04/10 03:42:13;-0.51;1.28;0;76;7;0;0.0;1017;10000;0.8
2020/04/10 03:44:34;-0.52;1.28;0;76;7;0;0.0;1017;10000;0.8
2020/04/10 03:49:15;-0.52;1.27;0;76;7;0;0.0;1017;10000;0.8
2020/04/10 03:51:25;-0.52;1.28;0;76;7;0;0.0;1017;10000;0.8
2020/04/10 03:54:43;-0.53;1.29;0;76;7;0;0.0;1017;10000;0.8
2020/04/10 03:59:25;-0.52;1.29;0;76;7;0;0.0;1017;10000;0.8
2020/04/10 04:01:45;-0.53;1.28;0;76;7;0;0.0;1017;10000;0.8
2020/04/10 04:04:51;-0.52;1.29;0;76;7;0;0.0;1017;10000;0.8
2020/04/10 04:08:48;-0.52;1.29;0;76;7;0;0.0;1017;10000;0.8
2020/04/10 04:11:09;-0.52;1.29;0;75;7;0;0.0;1017;10000;0.8
2020/04/10 04:14:34;-0.52;1.30;0;75;7;0;0.0;1017;10000;0.8
2020/04/10 04:18:12;-0.52;1.30;0;75;7;0;0.0;1017;10000;0.8
2020/04/10 04:22:53;-0.52;1.29;0;75;7;0;0.0;1017;10000;0.8
2020/04/10 04:25:13;-0.52;1.29;0;75;7;0;0.0;1017;10000;0.8
2020/04/10 04:28:36;-0.52;1.29;0;75;7;0;0.0;1017;10000;0.8
2020/04/10 04:32:32;-0.52;1.29;0;75;7;0;0.0;1017;10000;0.8
2020/04/10 04:35:23;-0.52;1.29;0;75;7;0;0.0;1017;10000;0.8
2020/04/10 04:40:04;-0.52;1.29;0;75;7;0;0.0;1017;10000;0.8
2020/04/10 04:42:24;-0.52;1.29;0;75;7;0;0.0;1017;10000;0.8
2020/04/10 04:45:23;-0.51;1.30;0;75;7;0;0.0;1017;10000;0.8
2020/04/10 04:49:26;-0.51;1.30;0;75;7;0;0.0;1017;10000;0.8
2020/04/10 04:51:47;-0.51;1.29;0;75;7;0;0.0;1017;10000;0.8
2020/04/10 04:56:28;-0.50;1.30;0;74;7;0;0.0;1017;10000;0.8
2020/04/10 04:58:49;-0.50;1.30;0;74;7;0;0.0;1017;10000;0.8
2020/04/10 05:03:28;-0.51;1.30;0;74;7;0;0.0;1017;10000;0.8
2020/04/10 05:05:48;-0.54;1.30;0;74;7;0;0.0;1017;10000;0.8
2020/04/10 05:09:02;-0.54;1.30;0;74;7;0;0.0;1017;10000;0.8
2020/04/10 05:15:24;-0.51;1.31;0;74;7;0;0.0;1017;10000;0.8
2020/04/10 05:20:45;-0.51;1.30;0;74;7;0;0.0;1017;10000;0.8
2020/04/10 05:23:06;-0.51;1.30;0;74;7;0;0.0;1017;10000;0.8
2020/04/10 05:25:26;-0.51;1.31;0;74;7;0;0.0;1017;10000;0.8
2020/04/10 05:30:07;-0.50;1.30;0;74;7;0;0.0;1017;10000;0.8
2020/04/10 05:34:05;-0.50;1.30;0;73;7;0;0.0;1017;10000;0.8
2020/04/10 05:35:56;-0.51;1.31;0;73;7;0;0.0;1017;10000;0.8
2020/04/10 05:38:46;-0.50;1.31;0;73;7;0;0.0;1017;10000;0.8
2020/04/10 05:42:22;-0.50;1.32;0;73;7;0;0.0;1017;10000;0.8
2020/04/10 05:45:26;-0.50;1.31;0;73;7;0;0.0;1017;10000;0.8
2020/04/10 05:48:46;-0.50;1.32;0;73;7;0;0.0;1017;10000;0.8
2020/04/10 05:52:52;-0.50;1.32;0;73;7;0;0.0;1017;10000;0.8
2020/04/10 05:56:46;-0.49;1.32;0;73;7;0;0.0;1017;10000;0.8
2020/04/10 05:59:06;-0.50;1.32;0;73;7;0;0.0;1017;10000;0.8
2020/04/10 06:02:18;-0.50;1.32;0;73;7;0;0.0;1017;10000;0.8
2020/04/10 06:06:07;-0.49;1.33;0;73;7;0;0.0;1017;10000;0.8
2020/04/10 06:09:02;-0.50;1.33;0;73;7;0;0.0;1017;10000;0.8
2020/04/10 06:12:37;-0.50;1.32;0;73;7;0;0.0;1017;10000;0.8
2020/04/10 06:15:41;-0.50;1.32;0;72;7;0;0.0;1017;10000;0.8
2020/04/10 06:19:10;-0.57;1.26;0;69;7;0;0.0;1017;10000;0.8
2020/04/10 06:22:26;-0.52;1.31;0;69;7;0;0.0;1017;10000;0.8
2020/04/10 06:26:07;-0.51;1.32;0;69;7;0;0.0;1017;10000;0.8
2020/04/10 06:29:08;-0.50;1.33;0;69;7;0;0.0;1017;10000;0.8
2020/04/10 06:32:37;-0.49;1.33;0;69;7;0;0.0;1017;10000;0.8
2020/04/10 06:37:28;-0.50;1.33;0;70;7;0;0.0;1018;10000;0.8
2020/04/10 06:39:29;-0.50;1.33;0;70;7;0;0.0;1018;10000;0.8
2020/04/10 06:43:57;-0.50;1.33;0;70;7;0;0.0;1018;10000;0.8
2020/04/10 06:46:51;-0.50;1.33;0;70;7;0;0.0;1018;10000;0.8
2020/04/10 06:51:33;-0.50;1.33;0;70;7;0;0.0;1018;10000;0.8
2020/04/10 06:53:53;-0.50;1.33;0;70;7;0;0.0;1018;10000;0.8
2020/04/10 06:56:14;-0.49;1.33;0;70;7;0;0.0;1018;10000;0.8
2020/04/10 06:59:59;-0.49;1.33;0;70;7;0;0.0;1018;10000;0.8
2020/04/10 07:03:16;-0.49;1.34;0;70;7;0;0.0;1018;10000;0.8
2020/04/10 07:10:18;-0.49;1.34;0;70;7;0;0.0;1018;10000;0.8
2020/04/10 07:13:49;-0.49;1.33;0;70;7;0;0.0;1018;10000;0.8
2020/04/10 07:16:45;-0.49;1.34;0;69;7;0;0.0;1018;10000;0.8
2020/04/10 07:19:54;-0.49;1.34;0;69;7;0;0.0;1018;10000;0.8
2020/04/10 07:23:52;-0.49;1.34;0;69;7;0;0.0;1018;10000;0.8
2020/04/10 07:30:13;-0.49;1.35;0;69;7;0;0.0;1018;10000;0.8
2020/04/10 07:33:02;-0.49;1.34;0;69;7;0;0.0;1018;10000;0.8
2020/04/10 07:39:53;-0.48;1.34;0;69;7;0;0.0;1018;10000;0.8
2020/04/10 07:43:35;-0.48;1.34;0;69;7;0;0.0;1018;10000;0.8
2020/04/10 07:47:25;-0.49;1.33;0;69;7;0;0.0;1018;10000;0.8
2020/04/10 07:50:00;-0.49;1.33;0;69;7;0;0.0;1018;10000;0.8
2020/04/10 07:53:13;-0.49;1.33;0;69;7;0;0.0;1018;10000;0.8
2020/04/10 07:56:33;-0.49;1.33;0;69;7;0;0.0;1018;10000;0.8
2020/04/10 08:04:14;-0.49;1.34;0;69;7;0;0.0;1018;10000;0.8
2020/04/10 08:06:43;-0.49;1.33;0;69;7;0;0.0;1018;10000;0.8
2020/04/10 08:10:49;-0.48;1.33;0;69;7;0;0.0;1018;10000;0.8
2020/04/10 08:13:35;-0.48;1.33;0;69;7;0;0.0;1018;10000;0.8
2020/04/10 08:16:59;-0.49;1.33;0;69;7;0;0.0;1018;10000;0.8
2020/04/10 08:20:11;-0.49;1.33;0;68;7;0;0.0;1018;10000;0.8
2020/04/10 08:23:39;-0.50;1.33;0;68;7;0;0.0;1018;10000;0.8
2020/04/10 08:30:22;-0.50;1.33;0;68;7;0;0.0;1018;10000;0.8
2020/04/10 08:34:37;-0.50;1.32;0;68;7;0;0.0;1018;10000;0.8
2020/04/10 08:37:34;-0.50;1.32;0;68;7;0;0.0;1018;10000;0.8
2020/04/10 08:40:09;-0.50;1.33;0;68;7;0;0.0;1018;10000;0.8
2020/04/10 08:43:58;-0.50;1.32;0;68;7;0;0.0;1018;10000;0.8
2020/04/10 08:46:51;-0.56;1.26;0;64;7;0;0.0;1018;10000;0.8
2020/04/10 08:50:13;-0.59;1.25;0;63;7;0;0.0;1018;10000;0.8
2020/04/10 08:53:36;-0.55;1.28;0;63;7;0;0.0;1018;10000;0.8
2020/04/10 08:57:06;-0.54;1.29;0;62;7;0;0.0;1018;10000;0.8
2020/04/10 09:00:17;-0.53;1.29;0;62;7;0;0.0;1018;10000;0.8
2020/04/10 09:03:42;-0.53;1.29;0;62;7;0;0.0;1018;10000;0.8
2020/04/10 09:07:20;-0.53;1.30;0;62;7;0;0.0;1018;10000;0.8
2020/04/10 09:10:21;-0.57;1.25;0;61;7;0;0.0;1018;10000;0.8
2020/04/10 09:13:47;-0.56;1.24;0;62;7;0;0.0;1018;10000;0.8
2020/04/10 09:17:44;-0.57;1.22;0;62;7;0;0.0;1018;10000;0.8
2020/04/10 09:20:26;-0.59;1.20;0;62;7;0;0.0;1018;10000;0.8
2020/04/10 09:23:47;-0.65;1.16;0;62;7;0;0.0;1018;10000;0.8
2020/04/10 09:27:12;-0.71;1.13;0;64;7;0;0.0;1018;10000;0.8
2020/04/10 09:30:30;-0.76;1.10;0;66;7;0;0.0;1018;10000;0.8
2020/04/10 09:34:22;-0.76;1.11;0;69;7;0;0.0;1018;10000;0.8
2020/04/10 09:38:25;-0.72;1.13;0;71;7;0;0.0;1018;10000;0.8
2020/04/10 09:40:34;-0.72;1.13;0;74;7;0;0.0;1018;10000;0.8
2020/04/10 09:44:05;-0.72;1.13;0;77;7;0;0.0;1018;10000;0.8
2020/04/10 09:47:26;-0.75;1.12;0;79;7;0;0.0;1018;10000;0.8
2020/04/10 09:50:38;-0.74;1.12;0;81;7;0;0.0;1018;10000;0.8
2020/04/10 09:58:10;-0.76;1.10;0;85;7;0;0.0;1018;10000;0.8
2020/04/10 10:00:43;-0.77;1.10;0;87;7;0;0.0;1018;10000;0.8
2020/04/10 10:04:08;-0.77;1.08;0;88;7;0;0.0;1018;10000;0.8
2020/04/10 10:07:29;-0.78;1.08;0;90;7;0;0.0;1018;10000;0.8
2020/04/10 10:10:51;-0.79;1.07;0;92;7;0;0.0;1018;10000;0.8
2020/04/10 10:14:22;-0.80;1.06;0;94;7;0;0.0;1018;10000;0.8
2020/04/10 10:17:47;-0.81;1.06;0;95;7;0;0.0;1018;10000;0.8
2020/04/10 10:20:55;-0.82;1.04;0;97;7;0;0.0;1018;10000;0.8
2020/04/10 10:24:18;-0.83;1.04;0;98;7;0;0.0;1018;10000;0.8
2020/04/10 10:27:34;-0.83;1.04;0;99;7;0;0.0;1018;10000;0.8
2020/04/10 10:31:08;-0.84;1.02;0;100;7;0;0.0;1018;10000;0.8
2020/04/10 10:34:17;-0.86;1.02;0;100;7;0;0.0;1017;10000;0.8
2020/04/10 10:37:38;-0.89;1.00;0;100;7;0;0.0;1017;10000;0.8
2020/04/10 10:41:16;-0.91;0.99;0;100;7;0;0.0;1017;10000;0.8
2020/04/10 10:44:21;-0.93;0.98;0;100;7;0;0.0;1017;10000;0.8
2020/04/10 10:47:42;-0.96;0.96;0;100;7;0;0.0;1017;10000;0.8
2020/04/10 10:51:25;-0.98;0.95;0;100;7;0;0.0;1017;10000;0.8
2020/04/10 10:54:25;-0.93;0.98;0;100;7;0;0.0;1017;10000;0.8
2020/04/10 10:57:46;-0.96;0.98;0;100;7;0;0.0;1017;10000;0.8
2020/04/10 11:01:08;-0.96;0.97;0;100;7;0;0.0;1017;10000;0.8
2020/04/10 11:04:30;-1.00;0.94;0;100;7;0;0.0;1017;10000;0.8
2020/04/10 11:07:51;-1.02;0.93;0;100;7;0;0.0;1017;10000;0.8
2020/04/10 11:11:34;-1.03;0.91;0;99;7;0;0.0;1017;10000;0.8
2020/04/10 11:15:29;-1.04;0.91;0;99;7;0;0.0;1017;10000;0.8
2020/04/10 11:17:55;-1.03;0.91;0;99;7;0;0.0;1017;10000;0.8
2020/04/10 11:21:17;-1.07;0.88;0;99;7;0;0.0;1017;10000;0.8
2020/04/10 11:24:49;-1.10;0.86;0;99;7;0;0.0;1017;10000;0.8
2020/04/10 11:27:59;-1.08;0.87;0;100;7;0;0.0;1017;10000;0.8
2020/04/10 11:31:35;-1.11;0.84;0;99;7;0;0.0;1017;10000;0.8
2020/04/10 11:34:42;-1.10;0.84;0;99;7;0;0.0;1017;10000;0.8
2020/04/10 11:38:03;-1.12;0.84;0;99;7;0;0.0;1017;10000;0.8
2020/04/10 11:41:25;-1.14;0.81;0;99;7;0;0.0;1017;10000;0.8
2020/04/10 11:44:46;-1.11;0.82;0;99;7;0;0.0;1017;10000;0.8
2020/04/10 11:48:07;-1.13;0.81;0;99;7;0;0.0;1017;10000;0.8
2020/04/10 11:51:29;-1.16;0.78;0;99;7;0;0.0;1017;10000;0.8
2020/04/10 11:54:50;-1.14;0.79;0;99;7;0;0.0;1017;10000;0.8
2020/04/10 11:58:12;-1.15;0.77;0;100;7;0;0.0;1017;10000;0.8
2020/04/10 12:01:33;-1.15;0.77;0;100;7;0;0.0;1017;10000;0.8
2020/04/10 12:04:55;-1.17;0.75;0;100;7;0;0.0;1017;10000;0.8
2020/04/10 12:08:33;-1.17;0.73;0;100;7;0;0.0;1017;10000;0.8
2020/04/10 12:11:38;-1.15;0.75;0;100;7;0;0.0;1017;10000;0.8
2020/04/10 12:14:59;-1.19;0.72;0;100;7;0;0.0;1017;10000;0.8
2020/04/10 12:18:21;-1.19;0.72;0;100;7;0;0.0;1016;10000;0.8
2020/04/10 12:21:50;-1.21;0.70;0;100;7;0;0.0;1016;10000;0.8
2020/04/10 12:25:03;-1.20;0.70;0;100;7;0;0.0;1016;10000;0.8
2020/04/10 12:28:24;-1.25;0.66;0;100;7;0;0.0;1016;10000;0.8
2020/04/10 12:32:56;-1.20;0.67;0;100;7;0;0.0;1016;10000;0.8
2020/04/10 12:35:08;-1.18;0.69;0;100;7;0;0.0;1016;10000;0.8
2020/04/10 12:39:01;-1.16;0.70;0;100;7;0;0.0;1016;10000;0.8
2020/04/10 12:41:50;-1.13;0.71;0;100;7;0;0.0;1016;10000;0.8
2020/04/10 12:45:12;-1.14;0.71;0;100;7;0;0.0;1016;10000;0.8
2020/04/10 12:48:33;-1.14;0.71;0;100;7;0;0.0;1016;10000;0.8
2020/04/10 12:51:55;-1.17;0.68;0;100;7;0;0.0;1016;10000;0.8
2020/04/10 12:55:16;-1.16;0.70;0;100;7;0;0.0;1016;10000;0.8
2020/04/10 12:59:20;-1.10;0.72;0;100;7;0;0.0;1016;10000;0.8
2020/04/10 13:02:51;-1.05;0.76;0;100;7;0;0.0;1016;10000;0.8
2020/04/10 13:05:24;-0.99;0.79;0;100;7;0;0.0;1016;10000;0.8
2020/04/10 13:09:23;-0.96;0.82;0;99;7;0;0.0;1016;10000;0.8
2020/04/10 13:12:08;-0.93;0.83;0;99;7;0;0.0;1016;10000;0.8
2020/04/10 13:15:31;-0.91;0.85;0;99;7;0;0.0;1016;10000;0.8
2020/04/10 13:18:45;-0.91;0.85;0;99;7;0;0.0;1016;10000;0.8
2020/04/10 13:22:39;-0.89;0.85;0;99;7;0;0.0;1016;10000;0.8
2020/04/10 13:25:41;-0.89;0.86;0;98;7;0;0.0;1016;10000;0.8
2020/04/10 13:29:24;-0.87;0.87;0;98;7;0;0.0;1016;10000;0.8
2020/04/10 13:32:22;-0.87;0.87;0;98;7;0;0.0;1016;10000;0.8
2020/04/10 13:35:45;-0.87;0.88;0;98;7;0;0.0;1016;10000;0.8
2020/04/10 13:38:55;-0.88;0.88;0;98;7;0;0.0;1016;10000;0.8
2020/04/10 13:42:16;-0.88;0.88;0;98;7;0;0.0;1016;10000;0.8
2020/04/10 13:45:37;-0.88;0.88;0;97;7;0;0.0;1016;10000;0.8
2020/04/10 13:48:58;-0.87;0.88;0;97;7;0;0.0;1016;10000;0.8
2020/04/10 13:52:20;-0.86;0.89;0;97;7;0;0.0;1016;10000;0.8
2020/04/10 13:56:04;-0.87;0.90;0;97;7;0;0.0;1016;10000;0.8
2020/04/10 13:59:20;-0.86;0.90;0;97;7;0;0.0;1016;10000;0.8
2020/04/10 14:06:01;-0.86;0.89;0;96;7;0;0.0;1015;10000;0.8
2020/04/10 14:09:23;-0.87;0.90;0;96;7;0;0.0;1015;10000;0.8
2020/04/10 14:12:28;-0.87;0.89;0;96;7;0;0.0;1015;10000;0.8
2020/04/10 14:15:51;-0.86;0.90;0;96;7;0;0.0;1015;10000;0.8
2020/04/10 14:19:23;-0.86;0.91;0;96;7;0;0.0;1015;10000;0.8
2020/04/10 14:22:33;-0.85;0.91;0;96;7;0;0.0;1015;10000;0.8
2020/04/10 14:26:27;-0.85;0.91;0;95;7;0;0.0;1015;10000;0.8
2020/04/10 14:29:21;-0.84;0.91;0;95;7;0;0.0;1015;10000;0.8
2020/04/10 14:32:37;-0.83;0.91;0;95;7;0;0.0;1015;10000;0.8
2020/04/10 14:36:35;-0.83;0.92;0;95;7;0;0.0;1015;10000;0.8
2020/04/10 14:39:22;-0.82;0.91;0;95;7;0;0.0;1015;10000;0.8
2020/04/10 14:42:41;-0.82;0.91;0;95;7;0;0.0;1015;10000;0.8
2020/04/10 14:46:42;-0.81;0.91;0;95;7;0;0.0;1015;10000;0.8
2020/04/10 14:49:59;-0.81;0.92;0;95;7;0;0.0;1015;10000;0.8
2020/04/10 14:52:47;-0.81;0.92;0;94;7;0;0.0;1015;10000;0.8
2020/04/10 14:56:12;-0.81;0.92;0;94;7;0;0.0;1015;10000;0.8
2020/04/10 14:59:29;-0.81;0.92;0;94;7;0;0.0;1015;10000;0.8
2020/04/10 15:02:55;-0.81;0.93;0;94;7;0;0.0;1015;10000;0.8
2020/04/10 15:06:17;-0.81;0.92;0;94;7;0;0.0;1015;10000;0.8
2020/04/10 15:10:26;-0.81;0.93;0;94;7;0;0.0;1015;10000;0.8
2020/04/10 15:13:02;-0.81;0.93;0;94;7;0;0.0;1015;10000;0.8
2020/04/10 15:16:16;-0.81;0.93;0;93;7;0;0.0;1015;10000;0.8
2020/04/10 15:23:10;-0.84;0.92;0;92;7;0;0.0;1015;20000;0.8
2020/04/10 15:29:44;-0.81;0.93;0;92;7;0;0.0;1015;20000;0.8
2020/04/10 15:36:37;-0.81;0.94;0;91;7;0;0.0;1015;20000;0.8
2020/04/10 15:45:10;-0.78;0.96;0;91;7;0;0.0;1015;20000;0.8
2020/04/10 15:50:55;-0.77;0.97;0;91;7;0;0.0;1015;20000;0.8
2020/04/10 15:56:38;-0.76;0.98;0;91;7;0;0.0;1015;20000;0.8
2020/04/10 16:03:54;-0.76;0.98;0;91;7;0;0.0;1015;20000;0.8
2020/04/10 16:10:08;-0.76;0.98;0;91;7;0;0.0;1015;20000;0.8
2020/04/10 16:24:22;-0.76;0.98;0;91;7;0;0.0;1015;20000;0.8
2020/04/10 16:30:17;-0.75;0.99;0;91;7;0;0.0;1015;20000;0.8
2020/04/10 16:43:34;-0.75;0.98;0;90;7;0;0.0;1015;20000;0.8
2020/04/10 16:50:39;-0.74;0.99;0;90;7;0;0.0;1015;20000;0.8
2020/04/10 16:52:28;;;0;;;2;;;;
2020/04/10 17:18:01;-0.73;1.00;0;90;7;0;0.0;1015;20000;0.8
2020/04/10 17:23:45;-0.74;0.99;0;90;7;0;0.0;1015;20000;0.8
2020/04/10 17:30:25;-0.73;1.00;0;90;7;0;0.0;1015;20000;0.8
2020/04/10 17:44:46;-0.73;1.01;0;89;7;0;0.0;1015;20000;0.8
2020/04/10 17:54:52;-0.73;1.02;0;89;7;0;0.0;1015;20000;0.8
2020/04/10 18:01:04;-0.72;1.02;0;89;7;0;0.0;1015;20000;0.8
2020/04/10 18:08:46;-0.75;1.02;0;89;7;0;0.0;1015;20000;0.8
2020/04/10 18:14:55;-0.72;1.02;0;88;7;0;0.0;1015;20000;0.8
2020/04/10 18:21:11;-0.72;1.04;0;88;7;0;0.0;1015;20000;0.8
2020/04/10 18:28:32;-0.72;1.04;0;88;7;0;0.0;1015;20000;0.8
2020/04/10 18:41:22;-0.72;1.04;0;88;7;0;0.0;1015;20000;0.8
2020/04/10 18:54:43;-0.71;1.04;0;88;7;0;0.0;1015;20000;0.8
2020/04/10 19:02:14;-0.71;1.05;0;88;7;0;0.0;1015;20000;0.8
2020/04/10 19:20:38;-0.70;1.05;0;87;7;0;0.0;1015;20000;0.8
2020/04/10 19:28:34;-0.70;1.06;0;87;7;0;0.0;1015;20000;0.8
2020/04/10 19:35:24;-0.70;1.07;0;87;7;0;0.0;1015;20000;0.8
2020/04/10 19:41:41;-0.69;1.07;0;87;7;0;0.0;1015;20000;0.8
2020/04/10 19:49:32;-0.69;1.07;0;86;7;0;0.0;1015;20000;0.8
2020/04/10 19:59:15;-0.67;1.08;0;86;7;0;0.0;1015;20000;0.8
2020/04/10 20:05:03;-0.66;1.08;0;86;7;0;0.0;1015;20000;0.8
2020/04/10 20:11:44;-0.65;1.09;0;86;7;0;0.0;1015;20000;0.8
2020/04/10 20:18:25;-0.65;1.08;0;86;7;0;0.0;1015;20000;0.8
2020/04/10 20:25:45;-0.65;1.08;0;86;7;0;0.0;1015;20000;0.8
2020/04/10 20:31:51;-0.65;1.09;0;86;7;0;0.0;1015;20000;0.8
2020/04/10 20:53:21;-0.66;1.10;0;85;7;0;0.0;1015;20000;0.8
2020/04/10 20:58:52;-0.66;1.11;0;85;7;0;0.0;1015;20000;0.8
2020/04/10 21:05:51;-0.66;1.11;0;85;7;0;0.0;1015;20000;0.8
2020/04/10 21:12:09;-0.66;1.11;0;85;7;0;0.0;1015;20000;0.8
2020/04/10 21:19:28;-0.65;1.12;0;85;7;0;0.0;1015;20000;0.8
2020/04/10 21:25:46;-0.65;1.12;0;84;7;0;0.0;1015;20000;0.8
2020/04/10 21:32:24;-0.65;1.12;0;84;7;0;0.0;1015;20000;0.8
2020/04/10 21:39:22;-0.66;1.12;0;84;7;0;0.0;1015;20000;0.8
2020/04/10 21:45:45;-0.66;1.12;0;83;7;0;0.0;1015;20000;0.8
2020/04/10 21:52:35;-0.66;1.12;0;82;7;0;0.0;1015;20000;0.8
2020/04/10 21:59:41;-0.65;1.12;0;82;7;0;0.0;1015;20000;0.8
2020/04/10 22:06:15;-0.65;1.13;0;81;7;0;0.0;1015;20000;0.8
2020/04/10 22:12:35;-0.65;1.13;0;81;7;0;0.0;1015;20000;0.8
2020/04/10 22:19:36;-0.64;1.13;0;80;7;0;0.0;1015;20000;0.8
2020/04/10 22:26:32;-0.64;1.13;0;80;7;0;0.0;1015;20000;0.8
2020/04/10 22:40:04;-0.64;1.13;0;79;7;0;0.0;1015;20000;0.8
2020/04/10 22:46:22;-0.63;1.14;0;78;7;0;0.0;1015;20000;0.8
2020/04/10 22:53:23;-0.63;1.14;0;78;7;0;0.0;1015;20000;0.8
2020/04/10 23:00:31;-0.63;1.14;0;77;7;0;0.0;1015;20000;0.8
2020/04/10 23:06:26;-0.62;1.14;0;77;7;0;0.0;1015;20000;0.8
2020/04/10 23:13:05;-0.62;1.15;0;77;7;0;0.0;1015;20000;0.8
2020/04/10 23:19:54;-0.62;1.15;0;76;7;0;0.0;1015;20000;0.8
2020/04/10 23:26:49;-0.62;1.16;0;76;7;0;0.0;1015;20000;0.8
2020/04/10 23:34:24;-0.63;1.15;0;75;7;0;0.0;1015;20000;0.8
2020/04/10 23:40:04;-0.59;1.17;0;75;7;0;0.0;1015;20000;0.8
2020/04/10 23:47:30;-0.60;1.18;0;76;7;0;0.0;1015;20000;0.8
2020/04/11 00:00:49;-0.59;1.19;0;76;7;0;0.0;1015;20000;0.8
2020/04/11 00:17:22;-0.59;1.19;0;76;7;0;0.0;1015;20000;0.8
2020/04/11 00:30:38;-0.59;1.19;0;76;7;0;0.0;1015;20000;0.8
2020/04/11 00:38:02;-0.59;1.20;0;76;7;0;0.0;1015;20000;0.8
2020/04/11 00:44:22;-0.58;1.20;0;76;7;0;0.0;1015;20000;0.8
2020/04/11 00:54:42;-0.57;1.20;0;75;7;0;0.0;1015;20000;0.8
2020/04/11 01:00:50;-0.57;1.20;0;75;7;0;0.0;1015;20000;0.8
2020/04/11 01:34:04;-0.55;1.21;0;74;7;0;0.0;1015;20000;0.8
2020/04/11 01:41:43;-0.56;1.21;0;73;7;0;0.0;1015;20000;0.8
2020/04/11 01:47:28;-0.57;1.21;0;72;7;0;0.0;1015;20000;0.8
2020/04/11 01:57:35;-0.57;1.21;0;71;7;0;0.0;1015;20000;0.8
2020/04/11 02:04:43;-0.56;1.21;0;71;7;0;0.0;1015;20000;0.8
2020/04/11 02:11:02;-0.57;1.21;0;70;7;0;0.0;1015;20000;0.8
2020/04/11 02:18:28;-0.57;1.21;0;69;7;0;0.0;1015;20000;0.8
2020/04/11 02:24:57;-0.56;1.23;0;69;7;0;0.0;1015;20000;0.8
2020/04/11 02:31:07;-0.55;1.23;0;70;7;0;0.0;1015;20000;0.8
2020/04/11 02:39:04;-0.55;1.23;0;70;7;0;0.0;1015;20000;0.8
2020/04/11 02:45:52;-0.55;1.24;0;70;7;0;0.0;1015;20000;0.8
2020/04/11 02:52:05;-0.55;1.24;0;70;7;0;0.0;1015;20000;0.8
2020/04/11 02:59:25;-0.55;1.24;0;70;7;0;0.0;1015;20000;0.8
2020/04/11 03:05:19;-0.55;1.24;0;70;7;0;0.0;1015;20000;0.8
2020/04/11 03:12:52;-0.54;1.24;0;70;7;0;0.0;1015;20000;0.8
2020/04/11 03:18:26;-0.54;1.24;0;70;7;0;0.0;1015;20000;0.8
2020/04/11 03:29:37;-0.54;1.25;0;69;7;0;0.0;1015;20000;0.8
2020/04/11 03:35:26;-0.53;1.26;0;69;7;0;0.0;1015;20000;0.8
2020/04/11 03:45:14;-0.54;1.26;0;69;7;0;0.0;1015;20000;0.8
2020/04/11 03:52:16;-0.54;1.26;0;69;7;0;0.0;1015;20000;0.8
2020/04/11 03:59:24;-0.53;1.26;0;69;7;0;0.0;1015;20000;0.8
2020/04/11 04:06:25;-0.54;1.25;0;69;7;0;0.0;1015;20000;0.8
2020/04/11 04:13:27;-0.53;1.26;0;69;7;0;0.0;1015;20000;0.8
2020/04/11 04:27:37;-0.53;1.25;0;69;7;0;0.0;1015;20000;0.8
2020/04/11 04:33:02;-0.52;1.26;0;68;7;0;0.0;1015;20000;0.8
2020/04/11 04:40:04;-0.52;1.26;0;68;7;0;0.0;1015;20000;0.8
2020/04/11 04:45:40;-0.51;1.26;0;68;7;0;0.0;1015;20000;0.8
2020/04/11 04:52:44;-0.52;1.25;0;68;7;0;0.0;1015;20000;0.8
2020/04/11 04:59:43;-0.51;1.26;0;68;7;0;0.0;1015;20000;0.8
2020/04/11 05:13:44;-0.52;1.26;0;68;7;0;0.0;1015;20000;0.8
2020/04/11 05:20:46;-0.52;1.27;0;67;7;0;0.0;1015;20000;0.8
2020/04/11 05:26:36;-0.52;1.27;0;67;7;0;0.0;1015;20000;0.8
2020/04/11 05:39:28;-0.51;1.27;0;66;7;0;0.0;1015;20000;0.8
2020/04/11 05:45:53;-0.51;1.28;0;66;7;0;0.0;1015;20000;0.8
2020/04/11 05:54:27;-0.50;1.29;0;66;7;0;0.0;1015;20000;0.8
2020/04/11 05:59:21;-0.50;1.29;0;66;7;0;0.0;1015;20000;0.8
2020/04/11 06:07:58;-0.49;1.29;0;66;7;0;0.0;1015;20000;0.8
2020/04/11 06:13:29;-0.50;1.29;0;66;7;0;0.0;1015;20000;0.8
2020/04/11 06:23:39;-0.49;1.29;0;66;7;0;0.0;1015;20000;0.8
2020/04/11 06:40:04;-0.50;1.29;0;66;7;0;0.0;1015;20000;0.8
2020/04/11 06:46:48;-0.50;1.29;0;65;7;0;0.0;1015;20000;0.8
2020/04/11 06:53:08;-0.50;1.30;0;65;7;0;0.0;1015;20000;0.8
2020/04/11 06:59:56;-0.50;1.30;0;65;7;0;0.0;1015;20000;0.8
2020/04/11 07:08:11;-0.50;1.30;0;65;7;0;0.0;1015;20000;0.8
2020/04/11 07:13:30;-0.51;1.30;0;65;7;0;0.0;1015;20000;0.8
2020/04/11 07:27:02;-0.50;1.31;0;64;7;0;0.0;1015;20000;0.8
2020/04/11 07:33:29;-0.50;1.30;0;64;7;0;0.0;1015;20000;0.8
2020/04/11 07:40:04;-0.50;1.31;0;64;7;0;0.0;1015;20000;0.8
2020/04/11 07:47:09;-0.51;1.29;0;64;7;0;0.0;1015;20000;0.8
2020/04/11 07:54:08;-0.50;1.29;0;64;7;0;0.0;1015;20000;0.8
2020/04/11 08:00:14;-0.50;1.28;0;64;7;0;0.0;1015;20000;0.8
2020/04/11 08:06:57;-0.50;1.28;0;64;7;0;0.0;1015;20000;0.8
2020/04/11 08:13:48;-0.50;1.28;0;63;7;0;0.0;1015;20000;0.8
2020/04/11 08:20:37;-0.51;1.27;0;63;7;0;0.0;1015;20000;0.8
2020/04/11 08:30:01;-0.51;1.27;0;63;7;0;0.0;1015;20000;0.8
2020/04/11 08:33:59;-0.50;1.27;0;63;7;0;0.0;1015;20000;0.8
2020/04/11 08:40:32;-0.51;1.26;0;61;7;0;0.0;1015;20000;0.8
2020/04/11 08:47:14;-0.54;1.25;0;60;7;0;0.0;1015;20000;0.8
2020/04/11 08:54:15;-0.54;1.24;0;59;7;0;0.0;1015;20000;0.8
2020/04/11 09:00:40;-0.54;1.25;0;59;7;0;0.0;1018;20000;0.8
2020/04/11 09:07:52;-0.53;1.26;0;59;7;0;0.0;1018;20000;0.8
2020/04/11 09:14:34;-0.54;1.24;0;59;7;0;0.0;1018;20000;0.8
2020/04/11 09:21:00;-0.59;1.19;0;59;7;0;0.0;1018;20000;0.8
2020/04/11 09:27:31;-0.64;1.15;0;61;7;0;0.0;1018;20000;0.8
2020/04/11 09:34:22;-0.68;1.13;0;66;7;0;0.0;1018;20000;0.8
2020/04/11 09:41:00;-0.71;1.11;0;72;7;0;0.0;1018;20000;0.8
2020/04/11 09:47:39;-0.72;1.10;0;76;7;0;0.0;1018;20000;0.8
2020/04/11 09:54:23;-0.73;1.09;0;80;7;0;0.0;1018;20000;0.8
2020/04/11 10:01:05;-0.76;1.08;0;84;7;0;0.0;1018;20000;0.8
2020/04/11 10:07:47;-0.77;1.07;0;87;7;0;0.0;1018;20000;0.8
2020/04/11 10:14:33;-0.80;1.05;0;90;7;0;0.0;1018;20000;0.8
2020/04/11 10:21:13;-0.81;1.04;0;93;7;0;0.0;1018;20000;0.8
2020/04/11 10:27:56;-0.81;1.02;0;96;7;0;0.0;1018;20000;0.8
2020/04/11 10:34:42;-0.83;1.01;0;98;7;0;0.0;1018;20000;0.8
2020/04/11 10:41:23;-0.86;1.00;0;100;7;0;0.0;1018;20000;0.8
2020/04/11 10:48:05;-0.91;0.97;0;100;7;0;0.0;1018;20000;0.8
2020/04/11 10:54:47;-0.92;0.96;0;100;7;0;0.0;1018;20000;0.8
2020/04/11 11:01:30;-0.93;0.96;0;100;7;0;0.0;1018;20000;0.8
2020/04/11 11:08:16;-1.01;0.92;0;100;7;0;0.0;1018;20000;0.8
2020/04/11 11:14:56;-1.04;0.91;0;99;7;0;0.0;1018;20000;0.8
2020/04/11 11:21:39;-1.04;0.89;0;100;7;0;0.0;1018;20000;0.8
2020/04/11 11:28:32;-1.08;0.86;0;100;7;0;0.0;1018;20000;0.8
2020/04/11 11:35:04;-1.08;0.87;0;100;7;0;0.0;1017;20000;0.8
2020/04/11 11:41:48;-1.12;0.83;0;100;7;0;0.0;1017;20000;0.8
2020/04/11 11:48:31;-1.13;0.83;0;100;7;0;0.0;1017;20000;0.8
2020/04/11 11:55:13;-1.16;0.79;0;100;7;0;0.0;1017;20000;0.8
2020/04/11 12:01:56;-1.17;0.78;0;100;7;0;0.0;1017;20000;0.8
2020/04/11 12:08:39;-1.19;0.75;0;99;7;0;0.0;1017;20000;0.8
2020/04/11 12:15:22;-1.21;0.73;0;99;7;0;0.0;1017;20000;0.8
2020/04/11 12:22:05;-1.21;0.72;0;99;7;0;0.0;1017;20000;0.8
2020/04/11 12:28:59;-1.22;0.71;0;100;7;0;0.0;1017;20000;0.8
2020/04/11 12:35:45;-1.23;0.70;0;100;7;0;0.0;1017;20000;0.8
2020/04/11 12:42:13;-1.17;0.73;0;100;7;0;0.0;1017;20000;0.8
2020/04/11 12:48:56;-1.14;0.75;0;100;7;0;0.0;1017;20000;0.8
2020/04/11 12:55:38;-1.14;0.75;0;100;7;0;0.0;1017;20000;0.8
2020/04/11 13:02:21;-1.05;0.79;0;99;7;0;0.0;1017;20000;0.8
2020/04/11 13:09:23;-0.97;0.84;0;99;7;0;0.0;1017;20000;0.8
2020/04/11 13:15:49;-0.92;0.87;0;99;7;0;0.0;1017;20000;0.8
2020/04/11 13:22:30;-0.90;0.89;0;98;7;0;0.0;1017;20000;0.8
2020/04/11 13:29:22;-0.88;0.89;0;98;7;0;0.0;1017;20000;0.8
2020/04/11 13:36:42;;;0;;;2;;;;
2020/04/11 13:42:40;-0.87;0.90;0;97;7;2;0.0;1016;20000;0.8
2020/04/11 13:49:23;-0.88;0.90;0;97;7;0;0.0;1016;20000;0.8
2020/04/11 13:56:36;-0.88;0.90;0;96;7;0;0.0;1016;20000;0.8
2020/04/11 14:02:56;-0.87;0.90;0;96;7;0;0.0;1016;20000;0.8
2020/04/11 14:10:21;-0.86;0.91;0;95;7;0;0.0;1016;20000;0.8
2020/04/11 14:16:19;-0.86;0.92;0;95;7;0;0.0;1016;20000;0.8
2020/04/11 14:23:11;-0.86;0.92;0;94;7;0;0.0;1016;20000;0.8
2020/04/11 14:29:38;-0.86;0.93;0;94;7;0;0.0;1016;20000;0.8
2020/04/11 14:36:31;-0.86;0.93;0;93;7;0;0.0;1016;20000;0.8
2020/04/11 14:43:26;-0.85;0.94;0;93;7;0;0.0;1016;20000;0.8
2020/04/11 14:49:47;-0.86;0.93;0;92;7;0;0.0;1016;20000;0.8
